# This file was produced by samtools stats (1.17+htslib-1.17) and can be plotted using plot-bamstats
# This file contains statistics for all reads.
# The command line was:  stats -@ 4 ./ngm-align/NAL05-WGS_S23_ngmalign.bam
# CHK, Checksum	[2]Read Names	[3]Sequences	[4]Qualities
# CHK, CRC32 of reads which passed filtering followed by addition (32bit overflow)
CHK	58ac2b02	8b222301	a768f620
# Summary Numbers. Use `grep ^SN | cut -f 2-` to extract this part.
SN	raw total sequences:	2137954	# excluding supplementary and secondary reads
SN	filtered sequences:	0
SN	sequences:	2137954
SN	is sorted:	1
SN	1st fragments:	1068977
SN	last fragments:	1068977
SN	reads mapped:	2070212
SN	reads mapped and paired:	2043150	# paired-end technology bit set + both mates mapped
SN	reads unmapped:	67742
SN	reads properly paired:	1888418	# proper-pair bit set
SN	reads paired:	2137954	# paired-end technology bit set
SN	reads duplicated:	0	# PCR or optical duplicate bit set
SN	reads MQ0:	368348	# mapped and MQ=0
SN	reads QC failed:	0
SN	non-primary alignments:	0
SN	supplementary alignments:	0
SN	total length:	281976967	# ignores clipping
SN	total first fragment length:	142262678	# ignores clipping
SN	total last fragment length:	139714289	# ignores clipping
SN	bases mapped:	273296938	# ignores clipping
SN	bases mapped (cigar):	262353274	# more accurate
SN	bases trimmed:	0
SN	bases duplicated:	0
SN	mismatches:	15452865	# from NM fields
SN	error rate:	5.890098e-02	# mismatches / bases mapped (cigar)
SN	average length:	131
SN	average first fragment length:	133
SN	average last fragment length:	131
SN	maximum length:	151
SN	maximum first fragment length:	151
SN	maximum last fragment length:	151
SN	average quality:	34.0
SN	insert size average:	179.4
SN	insert size standard deviation:	76.3
SN	inward oriented pairs:	764073
SN	outward oriented pairs:	190440
SN	pairs with other orientation:	8796
SN	pairs on different chromosomes:	58266
SN	percentage of properly paired reads (%):	88.3
# First Fragment Qualities. Use `grep ^FFQ | cut -f 2-` to extract this part.
# Columns correspond to qualities and rows to cycles. First column is the cycle number.
FFQ	1	0	0	0	0	0	0	0	0	0	0	0	0	0	0	22264	0	0	0	0	0	0	11820	0	0	0	0	0	872	0	0	0	0	1034021	0	0	0	0	0
FFQ	2	0	0	22	0	0	0	0	0	0	0	0	0	0	0	11750	0	0	0	0	0	0	8192	0	0	0	0	0	369	0	0	0	0	1048644	0	0	0	0	0
FFQ	3	0	0	8	0	0	0	0	0	0	0	0	0	0	0	12679	0	0	0	0	0	0	5985	0	0	0	0	0	200	0	0	0	0	1050105	0	0	0	0	0
FFQ	4	0	0	1	0	0	0	0	0	0	0	0	0	0	0	9947	0	0	0	0	0	0	4242	0	0	0	0	0	125	0	0	0	0	1054662	0	0	0	0	0
FFQ	5	0	0	0	0	0	0	0	0	0	0	0	0	0	0	8676	0	0	0	0	0	0	5353	0	0	0	0	0	118	0	0	0	0	1054564	0	0	0	266	0
FFQ	6	0	0	52	0	0	0	0	0	0	0	0	0	0	0	11801	0	0	0	0	0	0	9936	0	0	0	0	0	241	0	0	0	0	30550	0	0	0	1016397	0
FFQ	7	0	0	0	0	0	0	0	0	0	0	0	0	0	0	11594	0	0	0	0	0	0	8786	0	0	0	0	0	239	0	0	0	0	31712	0	0	0	1016646	0
FFQ	8	0	0	0	0	0	0	0	0	0	0	0	0	0	0	12544	0	0	0	0	0	0	9206	0	0	0	0	0	289	0	0	0	0	34128	0	0	0	1012810	0
FFQ	9	0	0	0	0	0	0	0	0	0	0	0	0	0	0	11089	0	0	0	0	0	0	7463	0	0	0	0	0	156	0	0	0	0	30322	0	0	0	1019947	0
FFQ	10	0	0	0	0	0	0	0	0	0	0	0	0	0	0	11741	0	0	0	0	0	0	8116	0	0	0	0	0	154	0	0	0	0	31523	0	0	0	1017443	0
FFQ	11	0	0	0	0	0	0	0	0	0	0	0	0	0	0	11810	0	0	0	0	0	0	6882	0	0	0	0	0	79	0	0	0	0	30611	0	0	0	1019595	0
FFQ	12	0	0	0	0	0	0	0	0	0	0	0	0	0	0	11041	0	0	0	0	0	0	8495	0	0	0	0	0	150	0	0	0	0	32162	0	0	0	1017129	0
FFQ	13	0	0	0	0	0	0	0	0	0	0	0	0	0	0	11645	0	0	0	0	0	0	7716	0	0	0	0	0	116	0	0	0	0	31359	0	0	0	1018141	0
FFQ	14	0	0	0	0	0	0	0	0	0	0	0	0	0	0	11786	0	0	0	0	0	0	8099	0	0	0	0	0	120	0	0	0	0	33426	0	0	0	1015546	0
FFQ	15	0	0	0	0	0	0	0	0	0	0	0	0	0	0	12581	0	0	0	0	0	0	7933	0	0	0	0	0	178	0	0	0	0	34797	0	0	0	1013488	0
FFQ	16	0	0	0	0	0	0	0	0	0	0	0	0	0	0	12370	0	0	0	0	0	0	8287	0	0	0	0	0	274	0	0	0	0	33982	0	0	0	1014064	0
FFQ	17	0	0	0	0	0	0	0	0	0	0	0	0	0	0	11999	0	0	0	0	0	0	8271	0	0	0	0	0	361	0	0	0	0	33893	0	0	0	1014453	0
FFQ	18	0	0	0	0	0	0	0	0	0	0	0	0	0	0	12124	0	0	0	0	0	0	8321	0	0	0	0	0	391	0	0	0	0	33431	0	0	0	1014710	0
FFQ	19	0	0	0	0	0	0	0	0	0	0	0	0	0	0	12582	0	0	0	0	0	0	7984	0	0	0	0	0	472	0	0	0	0	34278	0	0	0	1013661	0
FFQ	20	0	0	0	0	0	0	0	0	0	0	0	0	0	0	12839	0	0	0	0	0	0	7840	0	0	0	0	0	584	0	0	0	0	35085	0	0	0	1012629	0
FFQ	21	0	0	0	0	0	0	0	0	0	0	0	0	0	0	13041	0	0	0	0	0	0	7829	0	0	0	0	0	661	0	0	0	0	35117	0	0	0	1012329	0
FFQ	22	0	0	0	0	0	0	0	0	0	0	0	0	0	0	13354	0	0	0	0	0	0	7649	0	0	0	0	0	875	0	0	0	0	35712	0	0	0	1011387	0
FFQ	23	0	0	0	0	0	0	0	0	0	0	0	0	0	0	13708	0	0	0	0	0	0	7478	0	0	0	0	0	948	0	0	0	0	36187	0	0	0	1010656	0
FFQ	24	0	0	0	0	0	0	0	0	0	0	0	0	0	0	14142	0	0	0	0	0	0	7703	0	0	0	0	0	1092	0	0	0	0	37009	0	0	0	1009031	0
FFQ	25	0	0	0	0	0	0	0	0	0	0	0	0	0	0	14585	0	0	0	0	0	0	7369	0	0	0	0	0	1263	0	0	0	0	37033	0	0	0	1008727	0
FFQ	26	0	0	0	0	0	0	0	0	0	0	0	0	0	0	15718	0	0	0	0	0	0	7428	0	0	0	0	0	1655	0	0	0	0	37277	0	0	0	1006899	0
FFQ	27	0	0	1	0	0	0	0	0	0	0	0	0	0	0	16161	0	0	0	0	0	0	7219	0	0	0	0	0	1871	0	0	0	0	37383	0	0	0	1006342	0
FFQ	28	0	0	0	0	0	0	0	0	0	0	0	0	0	0	16632	0	0	0	0	0	0	6987	0	0	0	0	0	2085	0	0	0	0	37770	0	0	0	1005503	0
FFQ	29	0	0	0	0	0	0	0	0	0	0	0	0	0	0	17060	0	0	0	0	0	0	6761	0	0	0	0	0	2468	0	0	0	0	37765	0	0	0	1004923	0
FFQ	30	0	0	0	0	0	0	0	0	0	0	0	0	0	0	17824	0	0	0	0	0	0	6617	0	0	0	0	0	2502	0	0	0	0	38119	0	0	0	1003915	0
FFQ	31	0	0	0	0	0	0	0	0	0	0	0	0	0	0	18212	0	0	0	0	0	0	6372	0	0	0	0	0	2755	0	0	0	0	38017	0	0	0	1003621	0
FFQ	32	0	0	0	0	0	0	0	0	0	0	0	0	0	0	18598	0	0	0	0	0	0	6108	0	0	0	0	0	2919	0	0	0	0	38361	0	0	0	1002991	0
FFQ	33	0	0	0	0	0	0	0	0	0	0	0	0	0	0	19225	0	0	0	0	0	0	6064	0	0	0	0	0	3185	0	0	0	0	38756	0	0	0	1001747	0
FFQ	34	0	0	0	0	0	0	0	0	0	0	0	0	0	0	19767	0	0	0	0	0	0	5762	0	0	0	0	0	3305	0	0	0	0	38425	0	0	0	1001718	0
FFQ	35	0	0	1	0	0	0	0	0	0	0	0	0	0	0	20192	0	0	0	0	0	0	5706	0	0	0	0	0	3692	0	0	0	0	39037	0	0	0	1000349	0
FFQ	36	0	0	0	0	0	0	0	0	0	0	0	0	0	0	20381	0	0	0	0	0	0	5474	0	0	0	0	0	3732	0	0	0	0	39519	0	0	0	999871	0
FFQ	37	0	0	0	0	0	0	0	0	0	0	0	0	0	0	21271	0	0	0	0	0	0	5124	0	0	0	0	0	3882	0	0	0	0	39092	0	0	0	998903	0
FFQ	38	0	0	0	0	0	0	0	0	0	0	0	0	0	0	21552	0	0	0	0	0	0	5134	0	0	0	0	0	4048	0	0	0	0	39482	0	0	0	997218	0
FFQ	39	0	0	1	0	0	0	0	0	0	0	0	0	0	0	22038	0	0	0	0	0	0	4880	0	0	0	0	0	4012	0	0	0	0	39338	0	0	0	996321	0
FFQ	40	0	0	0	0	0	0	0	0	0	0	0	0	0	0	22506	0	0	0	0	0	0	4838	0	0	0	0	0	4071	0	0	0	0	39400	0	0	0	994748	0
FFQ	41	0	0	0	0	0	0	0	0	0	0	0	0	0	0	22350	0	0	0	0	0	0	4790	0	0	0	0	0	4044	0	0	0	0	39506	0	0	0	993855	0
FFQ	42	0	0	0	0	0	0	0	0	0	0	0	0	0	0	22727	0	0	0	0	0	0	4626	0	0	0	0	0	4284	0	0	0	0	39214	0	0	0	992568	0
FFQ	43	0	0	1	0	0	0	0	0	0	0	0	0	0	0	23047	0	0	0	0	0	0	4488	0	0	0	0	0	4281	0	0	0	0	39655	0	0	0	990786	0
FFQ	44	0	0	0	0	0	0	0	0	0	0	0	0	0	0	23277	0	0	0	0	0	0	4728	0	0	0	0	0	4267	0	0	0	0	39798	0	0	0	988978	0
FFQ	45	0	0	0	0	0	0	0	0	0	0	0	0	0	0	23736	0	0	0	0	0	0	4559	0	0	0	0	0	4511	0	0	0	0	39517	0	0	0	987444	0
FFQ	46	0	0	1	0	0	0	0	0	0	0	0	0	0	0	23730	0	0	0	0	0	0	4741	0	0	0	0	0	4713	0	0	0	0	39403	0	0	0	985679	0
FFQ	47	0	0	1	0	0	0	0	0	0	0	0	0	0	0	24129	0	0	0	0	0	0	4757	0	0	0	0	0	4776	0	0	0	0	39336	0	0	0	983724	0
FFQ	48	0	0	0	0	0	0	0	0	0	0	0	0	0	0	24526	0	0	0	0	0	0	4728	0	0	0	0	0	5166	0	0	0	0	39532	0	0	0	981085	0
FFQ	49	0	0	0	0	0	0	0	0	0	0	0	0	0	0	24622	0	0	0	0	0	0	5099	0	0	0	0	0	5621	0	0	0	0	38833	0	0	0	979232	0
FFQ	50	0	0	2	0	0	0	0	0	0	0	0	0	0	0	24855	0	0	0	0	0	0	5161	0	0	0	0	0	5940	0	0	0	0	38789	0	0	0	976874	0
FFQ	51	0	0	0	0	0	0	0	0	0	0	0	0	0	0	24854	0	0	0	0	0	0	5531	0	0	0	0	0	6231	0	0	0	0	39075	0	0	0	974049	0
FFQ	52	0	0	0	0	0	0	0	0	0	0	0	0	0	0	25054	0	0	0	0	0	0	5694	0	0	0	0	0	6462	0	0	0	0	39317	0	0	0	971325	0
FFQ	53	0	0	0	0	0	0	0	0	0	0	0	0	0	0	25191	0	0	0	0	0	0	5576	0	0	0	0	0	6804	0	0	0	0	39201	0	0	0	969058	0
FFQ	54	0	0	0	0	0	0	0	0	0	0	0	0	0	0	25649	0	0	0	0	0	0	5790	0	0	0	0	0	7192	0	0	0	0	39587	0	0	0	965647	0
FFQ	55	0	0	0	0	0	0	0	0	0	0	0	0	0	0	25402	0	0	0	0	0	0	5907	0	0	0	0	0	7618	0	0	0	0	39498	0	0	0	963309	0
FFQ	56	0	0	0	0	0	0	0	0	0	0	0	0	0	0	25950	0	0	0	0	0	0	6222	0	0	0	0	0	7993	0	0	0	0	40677	0	0	0	958747	0
FFQ	57	0	0	0	0	0	0	0	0	0	0	0	0	0	0	26246	0	0	0	0	0	0	6575	0	0	0	0	0	8573	0	0	0	0	41244	0	0	0	954551	0
FFQ	58	0	0	0	0	0	0	0	0	0	0	0	0	0	0	26392	0	0	0	0	0	0	6679	0	0	0	0	0	8945	0	0	0	0	42113	0	0	0	950600	0
FFQ	59	0	0	0	0	0	0	0	0	0	0	0	0	0	0	26580	0	0	0	0	0	0	6492	0	0	0	0	0	9364	0	0	0	0	43916	0	0	0	945903	0
FFQ	60	0	0	1	0	0	0	0	0	0	0	0	0	0	0	26996	0	0	0	0	0	0	6633	0	0	0	0	0	9856	0	0	0	0	45805	0	0	0	940465	0
FFQ	61	0	0	0	0	0	0	0	0	0	0	0	0	0	0	27022	0	0	0	0	0	0	6753	0	0	0	0	0	10154	0	0	0	0	47481	0	0	0	935718	0
FFQ	62	0	0	0	0	0	0	0	0	0	0	0	0	0	0	27288	0	0	0	0	0	0	6535	0	0	0	0	0	10815	0	0	0	0	49344	0	0	0	930561	0
FFQ	63	0	0	0	0	0	0	0	0	0	0	0	0	0	0	27525	0	0	0	0	0	0	6781	0	0	0	0	0	11283	0	0	0	0	51950	0	0	0	924306	0
FFQ	64	0	0	0	0	0	0	0	0	0	0	0	0	0	0	27479	0	0	0	0	0	0	6778	0	0	0	0	0	11421	0	0	0	0	52997	0	0	0	920482	0
FFQ	65	0	0	0	0	0	0	0	0	0	0	0	0	0	0	27509	0	0	0	0	0	0	6555	0	0	0	0	0	12123	0	0	0	0	55311	0	0	0	914855	0
FFQ	66	0	0	0	0	0	0	0	0	0	0	0	0	0	0	27932	0	0	0	0	0	0	6434	0	0	0	0	0	12861	0	0	0	0	58475	0	0	0	907754	0
FFQ	67	0	0	0	0	0	0	0	0	0	0	0	0	0	0	28245	0	0	0	0	0	0	6540	0	0	0	0	0	13150	0	0	0	0	60299	0	0	0	902324	0
FFQ	68	0	0	0	0	0	0	0	0	0	0	0	0	0	0	28088	0	0	0	0	0	0	6619	0	0	0	0	0	13719	0	0	0	0	62389	0	0	0	896675	0
FFQ	69	0	0	0	0	0	0	0	0	0	0	0	0	0	0	28271	0	0	0	0	0	0	6507	0	0	0	0	0	14072	0	0	0	0	63789	0	0	0	891742	0
FFQ	70	0	0	0	0	0	0	0	0	0	0	0	0	0	0	28338	0	0	0	0	0	0	6598	0	0	0	0	0	14946	0	0	0	0	66326	0	0	0	884952	0
FFQ	71	0	0	0	0	0	0	0	0	0	0	0	0	0	0	28970	0	0	0	0	0	0	6652	0	0	0	0	0	15883	0	0	0	0	67243	0	0	0	879150	0
FFQ	72	0	0	0	0	0	0	0	0	0	0	0	0	0	0	29151	0	0	0	0	0	0	6403	0	0	0	0	0	16124	0	0	0	0	69444	0	0	0	873476	0
FFQ	73	0	0	0	0	0	0	0	0	0	0	0	0	0	0	29314	0	0	0	0	0	0	6371	0	0	0	0	0	17291	0	0	0	0	71512	0	0	0	866871	0
FFQ	74	0	0	0	0	0	0	0	0	0	0	0	0	0	0	29118	0	0	0	0	0	0	6354	0	0	0	0	0	18104	0	0	0	0	71824	0	0	0	862668	0
FFQ	75	0	0	0	0	0	0	0	0	0	0	0	0	0	0	29511	0	0	0	0	0	0	6360	0	0	0	0	0	18504	0	0	0	0	73307	0	0	0	857051	0
FFQ	76	0	0	0	0	0	0	0	0	0	0	0	0	0	0	29668	0	0	0	0	0	0	6172	0	0	0	0	0	19010	0	0	0	0	73267	0	0	0	853245	0
FFQ	77	0	0	0	0	0	0	0	0	0	0	0	0	0	0	29528	0	0	0	0	0	0	6151	0	0	0	0	0	19527	0	0	0	0	74407	0	0	0	848350	0
FFQ	78	0	0	0	0	0	0	0	0	0	0	0	0	0	0	29917	0	0	0	0	0	0	6297	0	0	0	0	0	19992	0	0	0	0	75241	0	0	0	842907	0
FFQ	79	0	0	0	0	0	0	0	0	0	0	0	0	0	0	29932	0	0	0	0	0	0	6012	0	0	0	0	0	20235	0	0	0	0	75637	0	0	0	838927	0
FFQ	80	0	0	0	0	0	0	0	0	0	0	0	0	0	0	30546	0	0	0	0	0	0	6019	0	0	0	0	0	21271	0	0	0	0	76235	0	0	0	833032	0
FFQ	81	0	0	0	0	0	0	0	0	0	0	0	0	0	0	30918	0	0	0	0	0	0	6119	0	0	0	0	0	21265	0	0	0	0	76705	0	0	0	828473	0
FFQ	82	0	0	0	0	0	0	0	0	0	0	0	0	0	0	31053	0	0	0	0	0	0	6062	0	0	0	0	0	21192	0	0	0	0	76158	0	0	0	825328	0
FFQ	83	0	0	0	0	0	0	0	0	0	0	0	0	0	0	31138	0	0	0	0	0	0	5981	0	0	0	0	0	21402	0	0	0	0	76426	0	0	0	821131	0
FFQ	84	0	0	0	0	0	0	0	0	0	0	0	0	0	0	31363	0	0	0	0	0	0	5672	0	0	0	0	0	21735	0	0	0	0	77277	0	0	0	816438	0
FFQ	85	0	0	0	0	0	0	0	0	0	0	0	0	0	0	31404	0	0	0	0	0	0	5947	0	0	0	0	0	21685	0	0	0	0	77376	0	0	0	812326	0
FFQ	86	0	0	0	0	0	0	0	0	0	0	0	0	0	0	31778	0	0	0	0	0	0	5784	0	0	0	0	0	22436	0	0	0	0	77488	0	0	0	807596	0
FFQ	87	0	0	0	0	0	0	0	0	0	0	0	0	0	0	32023	0	0	0	0	0	0	5810	0	0	0	0	0	22552	0	0	0	0	77985	0	0	0	802977	0
FFQ	88	0	0	0	0	0	0	0	0	0	0	0	0	0	0	32381	0	0	0	0	0	0	5854	0	0	0	0	0	22737	0	0	0	0	78190	0	0	0	798507	0
FFQ	89	0	0	0	0	0	0	0	0	0	0	0	0	0	0	32293	0	0	0	0	0	0	5858	0	0	0	0	0	22872	0	0	0	0	78739	0	0	0	794072	0
FFQ	90	0	0	0	0	0	0	0	0	0	0	0	0	0	0	32540	0	0	0	0	0	0	5904	0	0	0	0	0	23242	0	0	0	0	78572	0	0	0	789703	0
FFQ	91	0	0	0	0	0	0	0	0	0	0	0	0	0	0	32898	0	0	0	0	0	0	6131	0	0	0	0	0	23236	0	0	0	0	78746	0	0	0	785133	0
FFQ	92	0	0	0	0	0	0	0	0	0	0	0	0	0	0	32731	0	0	0	0	0	0	6179	0	0	0	0	0	23682	0	0	0	0	78930	0	0	0	780852	0
FFQ	93	0	0	0	0	0	0	0	0	0	0	0	0	0	0	33391	0	0	0	0	0	0	6096	0	0	0	0	0	23767	0	0	0	0	80094	0	0	0	775129	0
FFQ	94	0	0	0	0	0	0	0	0	0	0	0	0	0	0	33433	0	0	0	0	0	0	6221	0	0	0	0	0	24324	0	0	0	0	81952	0	0	0	768621	0
FFQ	95	0	0	0	0	0	0	0	0	0	0	0	0	0	0	33955	0	0	0	0	0	0	6347	0	0	0	0	0	24388	0	0	0	0	81801	0	0	0	764228	0
FFQ	96	0	0	0	0	0	0	0	0	0	0	0	0	0	0	33862	0	0	0	0	0	0	6035	0	0	0	0	0	24916	0	0	0	0	82298	0	0	0	759551	0
FFQ	97	0	0	0	0	0	0	0	0	0	0	0	0	0	0	33957	0	0	0	0	0	0	6352	0	0	0	0	0	25752	0	0	0	0	82849	0	0	0	753741	0
FFQ	98	0	0	0	0	0	0	0	0	0	0	0	0	0	0	34323	0	0	0	0	0	0	6409	0	0	0	0	0	25938	0	0	0	0	84164	0	0	0	747836	0
FFQ	99	0	0	0	0	0	0	0	0	0	0	0	0	0	0	34944	0	0	0	0	0	0	6501	0	0	0	0	0	26558	0	0	0	0	85674	0	0	0	740910	0
FFQ	100	0	0	0	0	0	0	0	0	0	0	0	0	0	0	34205	0	0	0	0	0	0	6344	0	0	0	0	0	26962	0	0	0	0	85053	0	0	0	738037	0
FFQ	101	0	0	0	0	0	0	0	0	0	0	0	0	0	0	34365	0	0	0	0	0	0	6276	0	0	0	0	0	27530	0	0	0	0	86252	0	0	0	732181	0
FFQ	102	0	0	0	0	0	0	0	0	0	0	0	0	0	0	35379	0	0	0	0	0	0	6398	0	0	0	0	0	28665	0	0	0	0	87688	0	0	0	724291	0
FFQ	103	0	0	0	0	0	0	0	0	0	0	0	0	0	0	34810	0	0	0	0	0	0	6378	0	0	0	0	0	29025	0	0	0	0	87645	0	0	0	720594	0
FFQ	104	0	0	0	0	0	0	0	0	0	0	0	0	0	0	35603	0	0	0	0	0	0	6173	0	0	0	0	0	29998	0	0	0	0	89030	0	0	0	713453	0
FFQ	105	0	0	0	0	0	0	0	0	0	0	0	0	0	0	35344	0	0	0	0	0	0	6388	0	0	0	0	0	30956	0	0	0	0	89905	0	0	0	707565	0
FFQ	106	0	0	0	0	0	0	0	0	0	0	0	0	0	0	35510	0	0	0	0	0	0	6213	0	0	0	0	0	31776	0	0	0	0	91167	0	0	0	701372	0
FFQ	107	0	0	0	0	0	0	0	0	0	0	0	0	0	0	35934	0	0	0	0	0	0	6171	0	0	0	0	0	32448	0	0	0	0	92833	0	0	0	694490	0
FFQ	108	0	0	0	0	0	0	0	0	0	0	0	0	0	0	36507	0	0	0	0	0	0	5957	0	0	0	0	0	33915	0	0	0	0	95255	0	0	0	686040	0
FFQ	109	0	0	0	0	0	0	0	0	0	0	0	0	0	0	36523	0	0	0	0	0	0	6027	0	0	0	0	0	34376	0	0	0	0	95442	0	0	0	681084	0
FFQ	110	0	0	0	0	0	0	0	0	0	0	0	0	0	0	36748	0	0	0	0	0	0	5907	0	0	0	0	0	34698	0	0	0	0	96623	0	0	0	675180	0
FFQ	111	0	0	0	0	0	0	0	0	0	0	0	0	0	0	37525	0	0	0	0	0	0	6019	0	0	0	0	0	36567	0	0	0	0	100432	0	0	0	664314	0
FFQ	112	0	0	0	0	0	0	0	0	0	0	0	0	0	0	37749	0	0	0	0	0	0	6012	0	0	0	0	0	38032	0	0	0	0	102038	0	0	0	656654	0
FFQ	113	0	0	0	0	0	0	0	0	0	0	0	0	0	0	37897	0	0	0	0	0	0	5847	0	0	0	0	0	39509	0	0	0	0	104493	0	0	0	648407	0
FFQ	114	0	0	0	0	0	0	0	0	0	0	0	0	0	0	37956	0	0	0	0	0	0	5759	0	0	0	0	0	39827	0	0	0	0	104677	0	0	0	643537	0
FFQ	115	0	0	0	0	0	0	0	0	0	0	0	0	0	0	38189	0	0	0	0	0	0	5975	0	0	0	0	0	41331	0	0	0	0	108696	0	0	0	633202	0
FFQ	116	0	0	0	0	0	0	0	0	0	0	0	0	0	0	38063	0	0	0	0	0	0	5671	0	0	0	0	0	42530	0	0	0	0	111680	0	0	0	624983	0
FFQ	117	0	0	0	0	0	0	0	0	0	0	0	0	0	0	38780	0	0	0	0	0	0	5523	0	0	0	0	0	43087	0	0	0	0	112182	0	0	0	619043	0
FFQ	118	0	0	0	0	0	0	0	0	0	0	0	0	0	0	39203	0	0	0	0	0	0	5602	0	0	0	0	0	45446	0	0	0	0	117694	0	0	0	606111	0
FFQ	119	0	0	0	0	0	0	0	0	0	0	0	0	0	0	39324	0	0	0	0	0	0	5753	0	0	0	0	0	46423	0	0	0	0	120416	0	0	0	597700	0
FFQ	120	0	0	0	0	0	0	0	0	0	0	0	0	0	0	40001	0	0	0	0	0	0	6154	0	0	0	0	0	48255	0	0	0	0	125097	0	0	0	585676	0
FFQ	121	0	0	0	0	0	0	0	0	0	0	0	0	0	0	40191	0	0	0	0	0	0	5871	0	0	0	0	0	49009	0	0	0	0	125203	0	0	0	580476	0
FFQ	122	0	0	0	0	0	0	0	0	0	0	0	0	0	0	40214	0	0	0	0	0	0	5886	0	0	0	0	0	51328	0	0	0	0	129859	0	0	0	568942	0
FFQ	123	0	0	0	0	0	0	0	0	0	0	0	0	0	0	40739	0	0	0	0	0	0	6037	0	0	0	0	0	53391	0	0	0	0	133107	0	0	0	558503	0
FFQ	124	0	0	0	0	0	0	0	0	0	0	0	0	0	0	40833	0	0	0	0	0	0	6417	0	0	0	0	0	54189	0	0	0	0	136615	0	0	0	549221	0
FFQ	125	0	0	0	0	0	0	0	0	0	0	0	0	0	0	40835	0	0	0	0	0	0	6497	0	0	0	0	0	56185	0	0	0	0	141412	0	0	0	537773	0
FFQ	126	0	0	0	0	0	0	0	0	0	0	0	0	0	0	41250	0	0	0	0	0	0	6847	0	0	0	0	0	58497	0	0	0	0	145407	0	0	0	526225	0
FFQ	127	0	0	0	0	0	0	0	0	0	0	0	0	0	0	41307	0	0	0	0	0	0	7172	0	0	0	0	0	60351	0	0	0	0	150375	0	0	0	514592	0
FFQ	128	0	0	0	0	0	0	0	0	0	0	0	0	0	0	41468	0	0	0	0	0	0	7233	0	0	0	0	0	61708	0	0	0	0	152434	0	0	0	506258	0
FFQ	129	0	0	0	0	0	0	0	0	0	0	0	0	0	0	42062	0	0	0	0	0	0	7970	0	0	0	0	0	63401	0	0	0	0	158734	0	0	0	492324	0
FFQ	130	0	0	0	0	0	0	0	0	0	0	0	0	0	0	41675	0	0	0	0	0	0	8529	0	0	0	0	0	64902	0	0	0	0	163233	0	0	0	481594	0
FFQ	131	0	0	0	0	0	0	0	0	0	0	0	0	0	0	41466	0	0	0	0	0	0	9105	0	0	0	0	0	65233	0	0	0	0	167656	0	0	0	471962	0
FFQ	132	0	0	0	0	0	0	0	0	0	0	0	0	0	0	42185	0	0	0	0	0	0	9914	0	0	0	0	0	67396	0	0	0	0	173515	0	0	0	457716	0
FFQ	133	0	0	0	0	0	0	0	0	0	0	0	0	0	0	42165	0	0	0	0	0	0	10459	0	0	0	0	0	68283	0	0	0	0	177291	0	0	0	447924	0
FFQ	134	0	0	0	0	0	0	0	0	0	0	0	0	0	0	42752	0	0	0	0	0	0	11200	0	0	0	0	0	69999	0	0	0	0	183329	0	0	0	434123	0
FFQ	135	0	0	0	0	0	0	0	0	0	0	0	0	0	0	42767	0	0	0	0	0	0	11799	0	0	0	0	0	70693	0	0	0	0	186115	0	0	0	425923	0
FFQ	136	0	0	0	0	0	0	0	0	0	0	0	0	0	0	43083	0	0	0	0	0	0	12980	0	0	0	0	0	72634	0	0	0	0	194171	0	0	0	413833	0
FFQ	137	0	0	0	0	0	0	0	0	0	0	0	0	0	0	43927	0	0	0	0	0	0	12977	0	0	0	0	0	74002	0	0	0	0	196496	0	0	0	408696	0
FFQ	138	0	0	0	0	0	0	0	0	0	0	0	0	0	0	43917	0	0	0	0	0	0	13736	0	0	0	0	0	74427	0	0	0	0	199917	0	0	0	403557	0
FFQ	139	0	0	0	0	0	0	0	0	0	0	0	0	0	0	43680	0	0	0	0	0	0	14654	0	0	0	0	0	75252	0	0	0	0	204389	0	0	0	397009	0
FFQ	140	0	0	0	0	0	0	0	0	0	0	0	0	0	0	43798	0	0	0	0	0	0	15272	0	0	0	0	0	75728	0	0	0	0	206979	0	0	0	392659	0
FFQ	141	0	0	0	0	0	0	0	0	0	0	0	0	0	0	44394	0	0	0	0	0	0	16102	0	0	0	0	0	76713	0	0	0	0	213081	0	0	0	383490	0
FFQ	142	0	0	0	0	0	0	0	0	0	0	0	0	0	0	44702	0	0	0	0	0	0	16577	0	0	0	0	0	77807	0	0	0	0	215933	0	0	0	378156	0
FFQ	143	0	0	0	0	0	0	0	0	0	0	0	0	0	0	44935	0	0	0	0	0	0	17067	0	0	0	0	0	78752	0	0	0	0	220106	0	0	0	371780	0
FFQ	144	0	0	0	0	0	0	0	0	0	0	0	0	0	0	45663	0	0	0	0	0	0	17269	0	0	0	0	0	78758	0	0	0	0	222411	0	0	0	367922	0
FFQ	145	0	0	0	0	0	0	0	0	0	0	0	0	0	0	46211	0	0	0	0	0	0	18011	0	0	0	0	0	79702	0	0	0	0	223247	0	0	0	364211	0
FFQ	146	0	0	0	0	0	0	0	0	0	0	0	0	0	0	46086	0	0	0	0	0	0	18334	0	0	0	0	0	79668	0	0	0	0	226647	0	0	0	360084	0
FFQ	147	0	0	0	0	0	0	0	0	0	0	0	0	0	0	46252	0	0	0	0	0	0	18852	0	0	0	0	0	80404	0	0	0	0	227906	0	0	0	356768	0
FFQ	148	0	0	0	0	0	0	0	0	0	0	0	0	0	0	46392	0	0	0	0	0	0	19224	0	0	0	0	0	80779	0	0	0	0	228996	0	0	0	353908	0
FFQ	149	0	0	0	0	0	0	0	0	0	0	0	0	0	0	44889	0	0	0	0	0	0	19483	0	0	0	0	0	81541	0	0	0	0	231198	0	0	0	349508	0
FFQ	150	0	0	0	0	0	0	0	0	0	0	0	0	0	0	32835	0	0	0	0	0	0	19522	0	0	0	0	0	81919	0	0	0	0	231259	0	0	0	347616	0
FFQ	151	0	0	0	0	0	0	0	0	0	0	0	0	0	0	0	0	0	0	0	0	0	41644	0	0	0	0	0	143360	0	0	0	0	217588	0	0	0	155046	0
# Last Fragment Qualities. Use `grep ^LFQ | cut -f 2-` to extract this part.
# Columns correspond to qualities and rows to cycles. First column is the cycle number.
LFQ	1	0	0	0	0	0	0	0	0	0	0	0	0	0	0	20704	0	0	0	0	0	0	14272	0	0	0	0	0	666	0	0	0	0	1033335	0	0	0	0	0
LFQ	2	0	0	0	0	0	0	0	0	0	0	0	0	0	0	31847	0	0	0	0	0	0	7832	0	0	0	0	0	434	0	0	0	0	1028864	0	0	0	0	0
LFQ	3	0	0	0	0	0	0	0	0	0	0	0	0	0	0	33518	0	0	0	0	0	0	9453	0	0	0	0	0	617	0	0	0	0	1025389	0	0	0	0	0
LFQ	4	0	0	0	0	0	0	0	0	0	0	0	0	0	0	30148	0	0	0	0	0	0	9911	0	0	0	0	0	967	0	0	0	0	1027816	0	0	0	135	0
LFQ	5	0	0	0	0	0	0	0	0	0	0	0	0	0	0	30038	0	0	0	0	0	0	8954	0	0	0	0	0	1641	0	0	0	0	1027515	0	0	0	829	0
LFQ	6	0	0	0	0	0	0	0	0	0	0	0	0	0	0	29483	0	0	0	0	0	0	10515	0	0	0	0	0	1644	0	0	0	0	45686	0	0	0	981649	0
LFQ	7	0	0	0	0	0	0	0	0	0	0	0	0	0	0	28814	0	0	0	0	0	0	10681	0	0	0	0	0	1972	0	0	0	0	48015	0	0	0	979495	0
LFQ	8	0	0	1	0	0	0	0	0	0	0	0	0	0	0	31456	0	0	0	0	0	0	9949	0	0	0	0	0	2951	0	0	0	0	49950	0	0	0	974670	0
LFQ	9	0	0	2	0	0	0	0	0	0	0	0	0	0	0	28263	0	0	0	0	0	0	9462	0	0	0	0	0	2373	0	0	0	0	48381	0	0	0	980496	0
LFQ	10	0	0	1	0	0	0	0	0	0	0	0	0	0	0	32804	0	0	0	0	0	0	7983	0	0	0	0	0	4027	0	0	0	0	52523	0	0	0	971639	0
LFQ	11	0	0	0	0	0	0	0	0	0	0	0	0	0	0	28710	0	0	0	0	0	0	8987	0	0	0	0	0	2181	0	0	0	0	46864	0	0	0	982235	0
LFQ	12	0	0	2	0	0	0	0	0	0	0	0	0	0	0	31604	0	0	0	0	0	0	8633	0	0	0	0	0	3886	0	0	0	0	52252	0	0	0	972600	0
LFQ	13	0	0	2	0	0	0	0	0	0	0	0	0	0	0	31005	0	0	0	0	0	0	8387	0	0	0	0	0	3022	0	0	0	0	49647	0	0	0	976914	0
LFQ	14	0	0	17	0	0	0	0	0	0	0	0	0	0	0	32407	0	0	0	0	0	0	8176	0	0	0	0	0	3870	0	0	0	0	53243	0	0	0	971264	0
LFQ	15	0	0	1	0	0	0	0	0	0	0	0	0	0	0	33947	0	0	0	0	0	0	7176	0	0	0	0	0	4399	0	0	0	0	51633	0	0	0	971821	0
LFQ	16	0	0	5	0	0	0	0	0	0	0	0	0	0	0	34566	0	0	0	0	0	0	7330	0	0	0	0	0	4835	0	0	0	0	51219	0	0	0	971022	0
LFQ	17	0	0	16	0	0	0	0	0	0	0	0	0	0	0	34701	0	0	0	0	0	0	7216	0	0	0	0	0	5229	0	0	0	0	50454	0	0	0	971361	0
LFQ	18	0	0	10	0	0	0	0	0	0	0	0	0	0	0	35250	0	0	0	0	0	0	7202	0	0	0	0	0	5740	0	0	0	0	50886	0	0	0	969889	0
LFQ	19	0	0	3	0	0	0	0	0	0	0	0	0	0	0	35823	0	0	0	0	0	0	6670	0	0	0	0	0	6176	0	0	0	0	51103	0	0	0	969202	0
LFQ	20	0	0	8	0	0	0	0	0	0	0	0	0	0	0	35971	0	0	0	0	0	0	6290	0	0	0	0	0	6718	0	0	0	0	51023	0	0	0	968967	0
LFQ	21	0	0	8	0	0	0	0	0	0	0	0	0	0	0	36755	0	0	0	0	0	0	6200	0	0	0	0	0	6990	0	0	0	0	51718	0	0	0	967306	0
LFQ	22	0	0	9	0	0	0	0	0	0	0	0	0	0	0	37229	0	0	0	0	0	0	5996	0	0	0	0	0	7242	0	0	0	0	51214	0	0	0	967287	0
LFQ	23	0	0	6	0	0	0	0	0	0	0	0	0	0	0	38023	0	0	0	0	0	0	5912	0	0	0	0	0	7331	0	0	0	0	51648	0	0	0	966057	0
LFQ	24	0	0	3	0	0	0	0	0	0	0	0	0	0	0	38242	0	0	0	0	0	0	5617	0	0	0	0	0	7403	0	0	0	0	52041	0	0	0	965671	0
LFQ	25	0	0	3	0	0	0	0	0	0	0	0	0	0	0	38845	0	0	0	0	0	0	5549	0	0	0	0	0	7570	0	0	0	0	52152	0	0	0	964858	0
LFQ	26	0	0	6	0	0	0	0	0	0	0	0	0	0	0	39529	0	0	0	0	0	0	5498	0	0	0	0	0	7885	0	0	0	0	52590	0	0	0	963469	0
LFQ	27	0	0	16	0	0	0	0	0	0	0	0	0	0	0	40239	0	0	0	0	0	0	5512	0	0	0	0	0	7928	0	0	0	0	53047	0	0	0	962235	0
LFQ	28	0	0	24	0	0	0	0	0	0	0	0	0	0	0	40708	0	0	0	0	0	0	5389	0	0	0	0	0	8247	0	0	0	0	53278	0	0	0	961331	0
LFQ	29	0	0	48	0	0	0	0	0	0	0	0	0	0	0	40935	0	0	0	0	0	0	5575	0	0	0	0	0	8372	0	0	0	0	53189	0	0	0	960858	0
LFQ	30	0	0	41	0	0	0	0	0	0	0	0	0	0	0	41414	0	0	0	0	0	0	5744	0	0	0	0	0	8654	0	0	0	0	53254	0	0	0	959870	0
LFQ	31	0	0	59	0	0	0	0	0	0	0	0	0	0	0	42155	0	0	0	0	0	0	5635	0	0	0	0	0	9024	0	0	0	0	53304	0	0	0	958800	0
LFQ	32	0	0	30	0	0	0	0	0	0	0	0	0	0	0	42811	0	0	0	0	0	0	5988	0	0	0	0	0	9164	0	0	0	0	53769	0	0	0	957215	0
LFQ	33	0	0	33	0	0	0	0	0	0	0	0	0	0	0	43226	0	0	0	0	0	0	5937	0	0	0	0	0	10051	0	0	0	0	53475	0	0	0	956255	0
LFQ	34	0	0	24	0	0	0	0	0	0	0	0	0	0	0	43030	0	0	0	0	0	0	6324	0	0	0	0	0	10746	0	0	0	0	53170	0	0	0	955683	0
LFQ	35	0	0	30	0	0	0	0	0	0	0	0	0	0	0	44270	0	0	0	0	0	0	6638	0	0	0	0	0	11331	0	0	0	0	53537	0	0	0	953171	0
LFQ	36	0	0	18	0	0	0	0	0	0	0	0	0	0	0	44239	0	0	0	0	0	0	6887	0	0	0	0	0	11930	0	0	0	0	53299	0	0	0	952604	0
LFQ	37	0	0	38	0	0	0	0	0	0	0	0	0	0	0	44380	0	0	0	0	0	0	7233	0	0	0	0	0	12398	0	0	0	0	53260	0	0	0	950440	0
LFQ	38	0	0	17	0	0	0	0	0	0	0	0	0	0	0	44419	0	0	0	0	0	0	7905	0	0	0	0	0	13169	0	0	0	0	52975	0	0	0	947971	0
LFQ	39	0	0	8	0	0	0	0	0	0	0	0	0	0	0	44669	0	0	0	0	0	0	8398	0	0	0	0	0	13571	0	0	0	0	53140	0	0	0	945339	0
LFQ	40	0	0	31	0	0	0	0	0	0	0	0	0	0	0	44800	0	0	0	0	0	0	8349	0	0	0	0	0	14535	0	0	0	0	54229	0	0	0	941676	0
LFQ	41	0	0	12	0	0	0	0	0	0	0	0	0	0	0	44897	0	0	0	0	0	0	8727	0	0	0	0	0	15031	0	0	0	0	55554	0	0	0	937891	0
LFQ	42	0	0	38	0	0	0	0	0	0	0	0	0	0	0	45223	0	0	0	0	0	0	8894	0	0	0	0	0	15746	0	0	0	0	56252	0	0	0	934397	0
LFQ	43	0	0	22	0	0	0	0	0	0	0	0	0	0	0	45242	0	0	0	0	0	0	8882	0	0	0	0	0	16279	0	0	0	0	58225	0	0	0	930296	0
LFQ	44	0	0	9	0	0	0	0	0	0	0	0	0	0	0	45425	0	0	0	0	0	0	9220	0	0	0	0	0	16837	0	0	0	0	59705	0	0	0	926064	0
LFQ	45	0	0	6	0	0	0	0	0	0	0	0	0	0	0	45707	0	0	0	0	0	0	9378	0	0	0	0	0	17553	0	0	0	0	61433	0	0	0	921414	0
LFQ	46	0	0	18	0	0	0	0	0	0	0	0	0	0	0	45984	0	0	0	0	0	0	9327	0	0	0	0	0	18178	0	0	0	0	63255	0	0	0	916897	0
LFQ	47	0	0	7	0	0	0	0	0	0	0	0	0	0	0	46166	0	0	0	0	0	0	9476	0	0	0	0	0	18749	0	0	0	0	65803	0	0	0	911575	0
LFQ	48	0	0	5	0	0	0	0	0	0	0	0	0	0	0	46680	0	0	0	0	0	0	8995	0	0	0	0	0	18971	0	0	0	0	68149	0	0	0	906889	0
LFQ	49	0	0	12	0	0	0	0	0	0	0	0	0	0	0	45975	0	0	0	0	0	0	9508	0	0	0	0	0	19918	0	0	0	0	69797	0	0	0	902456	0
LFQ	50	0	0	30	0	0	0	0	0	0	0	0	0	0	0	46854	0	0	0	0	0	0	9546	0	0	0	0	0	20433	0	0	0	0	73429	0	0	0	895190	0
LFQ	51	0	0	33	0	0	0	0	0	0	0	0	0	0	0	46806	0	0	0	0	0	0	9369	0	0	0	0	0	21512	0	0	0	0	76377	0	0	0	889155	0
LFQ	52	0	0	13	0	0	0	0	0	0	0	0	0	0	0	46824	0	0	0	0	0	0	9485	0	0	0	0	0	22731	0	0	0	0	78391	0	0	0	883532	0
LFQ	53	0	0	3	0	0	0	0	0	0	0	0	0	0	0	46904	0	0	0	0	0	0	9446	0	0	0	0	0	23158	0	0	0	0	80554	0	0	0	878545	0
LFQ	54	0	0	43	0	0	0	0	0	0	0	0	0	0	0	47212	0	0	0	0	0	0	9195	0	0	0	0	0	24748	0	0	0	0	82955	0	0	0	872066	0
LFQ	55	0	0	5	0	0	0	0	0	0	0	0	0	0	0	47312	0	0	0	0	0	0	9249	0	0	0	0	0	25055	0	0	0	0	84100	0	0	0	867967	0
LFQ	56	0	0	4	0	0	0	0	0	0	0	0	0	0	0	47364	0	0	0	0	0	0	9343	0	0	0	0	0	26018	0	0	0	0	84836	0	0	0	863563	0
LFQ	57	0	0	1	0	0	0	0	0	0	0	0	0	0	0	47720	0	0	0	0	0	0	9516	0	0	0	0	0	26827	0	0	0	0	86463	0	0	0	857843	0
LFQ	58	0	0	25	0	0	0	0	0	0	0	0	0	0	0	47778	0	0	0	0	0	0	9867	0	0	0	0	0	28184	0	0	0	0	86899	0	0	0	852752	0
LFQ	59	0	0	18	0	0	0	0	0	0	0	0	0	0	0	47911	0	0	0	0	0	0	9860	0	0	0	0	0	29028	0	0	0	0	87528	0	0	0	848352	0
LFQ	60	0	0	20	0	0	0	0	0	0	0	0	0	0	0	47359	0	0	0	0	0	0	9764	0	0	0	0	0	29265	0	0	0	0	87736	0	0	0	845678	0
LFQ	61	0	0	20	0	0	0	0	0	0	0	0	0	0	0	48474	0	0	0	0	0	0	9667	0	0	0	0	0	30388	0	0	0	0	88539	0	0	0	839691	0
LFQ	62	0	0	18	0	0	0	0	0	0	0	0	0	0	0	48002	0	0	0	0	0	0	9920	0	0	0	0	0	30625	0	0	0	0	87813	0	0	0	837448	0
LFQ	63	0	0	16	0	0	0	0	0	0	0	0	0	0	0	48293	0	0	0	0	0	0	9698	0	0	0	0	0	31499	0	0	0	0	87944	0	0	0	833394	0
LFQ	64	0	0	18	0	0	0	0	0	0	0	0	0	0	0	48404	0	0	0	0	0	0	9704	0	0	0	0	0	31821	0	0	0	0	88923	0	0	0	828960	0
LFQ	65	0	0	31	0	0	0	0	0	0	0	0	0	0	0	49203	0	0	0	0	0	0	9399	0	0	0	0	0	32584	0	0	0	0	89648	0	0	0	823762	0
LFQ	66	0	0	16	0	0	0	0	0	0	0	0	0	0	0	49183	0	0	0	0	0	0	9392	0	0	0	0	0	33469	0	0	0	0	89409	0	0	0	819896	0
LFQ	67	0	0	3	0	0	0	0	0	0	0	0	0	0	0	49422	0	0	0	0	0	0	9556	0	0	0	0	0	33927	0	0	0	0	88861	0	0	0	816429	0
LFQ	68	0	0	10	0	0	0	0	0	0	0	0	0	0	0	49222	0	0	0	0	0	0	9586	0	0	0	0	0	33669	0	0	0	0	89428	0	0	0	812834	0
LFQ	69	0	0	5	0	0	0	0	0	0	0	0	0	0	0	49632	0	0	0	0	0	0	9456	0	0	0	0	0	34121	0	0	0	0	89039	0	0	0	809101	0
LFQ	70	0	0	11	0	0	0	0	0	0	0	0	0	0	0	49987	0	0	0	0	0	0	9590	0	0	0	0	0	34737	0	0	0	0	89648	0	0	0	803873	0
LFQ	71	0	0	1	0	0	0	0	0	0	0	0	0	0	0	50210	0	0	0	0	0	0	9525	0	0	0	0	0	35051	0	0	0	0	90339	0	0	0	799182	0
LFQ	72	0	0	0	0	0	0	0	0	0	0	0	0	0	0	50210	0	0	0	0	0	0	9496	0	0	0	0	0	35037	0	0	0	0	89524	0	0	0	796440	0
LFQ	73	0	0	31	0	0	0	0	0	0	0	0	0	0	0	50476	0	0	0	0	0	0	9843	0	0	0	0	0	35635	0	0	0	0	89844	0	0	0	791293	0
LFQ	74	0	0	7	0	0	0	0	0	0	0	0	0	0	0	50377	0	0	0	0	0	0	9761	0	0	0	0	0	36438	0	0	0	0	91124	0	0	0	785805	0
LFQ	75	0	0	8	0	0	0	0	0	0	0	0	0	0	0	50675	0	0	0	0	0	0	9727	0	0	0	0	0	36231	0	0	0	0	90880	0	0	0	782382	0
LFQ	76	0	0	37	0	0	0	0	0	0	0	0	0	0	0	51262	0	0	0	0	0	0	9926	0	0	0	0	0	36762	0	0	0	0	91528	0	0	0	776657	0
LFQ	77	0	0	5	0	0	0	0	0	0	0	0	0	0	0	51385	0	0	0	0	0	0	10154	0	0	0	0	0	37312	0	0	0	0	91706	0	0	0	771861	0
LFQ	78	0	0	10	0	0	0	0	0	0	0	0	0	0	0	51189	0	0	0	0	0	0	10167	0	0	0	0	0	38201	0	0	0	0	92158	0	0	0	766770	0
LFQ	79	0	0	16	0	0	0	0	0	0	0	0	0	0	0	51482	0	0	0	0	0	0	10397	0	0	0	0	0	38533	0	0	0	0	93223	0	0	0	760924	0
LFQ	80	0	0	14	0	0	0	0	0	0	0	0	0	0	0	51428	0	0	0	0	0	0	10394	0	0	0	0	0	39317	0	0	0	0	93913	0	0	0	755556	0
LFQ	81	0	0	19	0	0	0	0	0	0	0	0	0	0	0	51867	0	0	0	0	0	0	10487	0	0	0	0	0	39439	0	0	0	0	94040	0	0	0	750830	0
LFQ	82	0	0	20	0	0	0	0	0	0	0	0	0	0	0	51938	0	0	0	0	0	0	10745	0	0	0	0	0	39880	0	0	0	0	94561	0	0	0	745554	0
LFQ	83	0	0	12	0	0	0	0	0	0	0	0	0	0	0	52250	0	0	0	0	0	0	10618	0	0	0	0	0	40725	0	0	0	0	95475	0	0	0	739579	0
LFQ	84	0	0	5	0	0	0	0	0	0	0	0	0	0	0	52084	0	0	0	0	0	0	10400	0	0	0	0	0	41257	0	0	0	0	96018	0	0	0	734922	0
LFQ	85	0	0	5	0	0	0	0	0	0	0	0	0	0	0	51526	0	0	0	0	0	0	10344	0	0	0	0	0	41723	0	0	0	0	96631	0	0	0	730374	0
LFQ	86	0	0	10	0	0	0	0	0	0	0	0	0	0	0	52173	0	0	0	0	0	0	10686	0	0	0	0	0	42496	0	0	0	0	96328	0	0	0	724926	0
LFQ	87	0	0	3	0	0	0	0	0	0	0	0	0	0	0	52326	0	0	0	0	0	0	10639	0	0	0	0	0	43493	0	0	0	0	96912	0	0	0	719200	0
LFQ	88	0	0	1	0	0	0	0	0	0	0	0	0	0	0	52433	0	0	0	0	0	0	10225	0	0	0	0	0	44159	0	0	0	0	97273	0	0	0	714359	0
LFQ	89	0	0	1	0	0	0	0	0	0	0	0	0	0	0	52511	0	0	0	0	0	0	10132	0	0	0	0	0	44821	0	0	0	0	97423	0	0	0	709452	0
LFQ	90	0	0	4	0	0	0	0	0	0	0	0	0	0	0	52850	0	0	0	0	0	0	10025	0	0	0	0	0	45211	0	0	0	0	98678	0	0	0	703386	0
LFQ	91	0	0	4	0	0	0	0	0	0	0	0	0	0	0	52912	0	0	0	0	0	0	10370	0	0	0	0	0	46719	0	0	0	0	99272	0	0	0	696676	0
LFQ	92	0	0	6	0	0	0	0	0	0	0	0	0	0	0	53455	0	0	0	0	0	0	10276	0	0	0	0	0	47996	0	0	0	0	99566	0	0	0	690549	0
LFQ	93	0	0	12	0	0	0	0	0	0	0	0	0	0	0	53993	0	0	0	0	0	0	9909	0	0	0	0	0	48258	0	0	0	0	100429	0	0	0	684969	0
LFQ	94	0	0	25	0	0	0	0	0	0	0	0	0	0	0	53929	0	0	0	0	0	0	9611	0	0	0	0	0	50002	0	0	0	0	100536	0	0	0	679248	0
LFQ	95	0	0	5	0	0	0	0	0	0	0	0	0	0	0	54524	0	0	0	0	0	0	9790	0	0	0	0	0	51582	0	0	0	0	103045	0	0	0	670169	0
LFQ	96	0	0	1	0	0	0	0	0	0	0	0	0	0	0	54038	0	0	0	0	0	0	9602	0	0	0	0	0	53004	0	0	0	0	104291	0	0	0	663696	0
LFQ	97	0	0	39	0	0	0	0	0	0	0	0	0	0	0	55082	0	0	0	0	0	0	9872	0	0	0	0	0	53453	0	0	0	0	105305	0	0	0	656537	0
LFQ	98	0	0	12	0	0	0	0	0	0	0	0	0	0	0	54446	0	0	0	0	0	0	9274	0	0	0	0	0	55501	0	0	0	0	107385	0	0	0	649264	0
LFQ	99	0	0	29	0	0	0	0	0	0	0	0	0	0	0	55732	0	0	0	0	0	0	9676	0	0	0	0	0	56484	0	0	0	0	109433	0	0	0	640025	0
LFQ	100	0	0	8	0	0	0	0	0	0	0	0	0	0	0	55517	0	0	0	0	0	0	9513	0	0	0	0	0	56852	0	0	0	0	112587	0	0	0	632392	0
LFQ	101	0	0	36	0	0	0	0	0	0	0	0	0	0	0	55981	0	0	0	0	0	0	9532	0	0	0	0	0	58365	0	0	0	0	114557	0	0	0	623852	0
LFQ	102	0	0	25	0	0	0	0	0	0	0	0	0	0	0	56472	0	0	0	0	0	0	9461	0	0	0	0	0	60506	0	0	0	0	118558	0	0	0	612633	0
LFQ	103	0	0	11	0	0	0	0	0	0	0	0	0	0	0	56166	0	0	0	0	0	0	9396	0	0	0	0	0	60903	0	0	0	0	120416	0	0	0	606271	0
LFQ	104	0	0	5	0	0	0	0	0	0	0	0	0	0	0	56725	0	0	0	0	0	0	9489	0	0	0	0	0	63511	0	0	0	0	125066	0	0	0	593700	0
LFQ	105	0	0	16	0	0	0	0	0	0	0	0	0	0	0	57476	0	0	0	0	0	0	9806	0	0	0	0	0	63831	0	0	0	0	125689	0	0	0	587119	0
LFQ	106	0	0	35	0	0	0	0	0	0	0	0	0	0	0	56787	0	0	0	0	0	0	10132	0	0	0	0	0	66890	0	0	0	0	132869	0	0	0	572712	0
LFQ	107	0	0	14	0	0	0	0	0	0	0	0	0	0	0	57294	0	0	0	0	0	0	10090	0	0	0	0	0	68803	0	0	0	0	136809	0	0	0	561819	0
LFQ	108	0	0	9	0	0	0	0	0	0	0	0	0	0	0	57784	0	0	0	0	0	0	10098	0	0	0	0	0	71689	0	0	0	0	139789	0	0	0	550816	0
LFQ	109	0	0	16	0	0	0	0	0	0	0	0	0	0	0	58292	0	0	0	0	0	0	10594	0	0	0	0	0	73289	0	0	0	0	144920	0	0	0	538424	0
LFQ	110	0	0	11	0	0	0	0	0	0	0	0	0	0	0	58038	0	0	0	0	0	0	11018	0	0	0	0	0	75007	0	0	0	0	148723	0	0	0	528080	0
LFQ	111	0	0	16	0	0	0	0	0	0	0	0	0	0	0	58572	0	0	0	0	0	0	11966	0	0	0	0	0	75621	0	0	0	0	151775	0	0	0	518157	0
LFQ	112	0	0	4	0	0	0	0	0	0	0	0	0	0	0	57392	0	0	0	0	0	0	14043	0	0	0	0	0	77402	0	0	0	0	162060	0	0	0	500395	0
LFQ	113	0	0	4	0	0	0	0	0	0	0	0	0	0	0	58274	0	0	0	0	0	0	13766	0	0	0	0	0	78662	0	0	0	0	165801	0	0	0	490018	0
LFQ	114	0	0	10	0	0	0	0	0	0	0	0	0	0	0	58280	0	0	0	0	0	0	14072	0	0	0	0	0	78839	0	0	0	0	166880	0	0	0	483741	0
LFQ	115	0	0	16	0	0	0	0	0	0	0	0	0	0	0	58841	0	0	0	0	0	0	15332	0	0	0	0	0	81250	0	0	0	0	174947	0	0	0	466699	0
LFQ	116	0	0	6	0	0	0	0	0	0	0	0	0	0	0	58468	0	0	0	0	0	0	16154	0	0	0	0	0	82132	0	0	0	0	178773	0	0	0	456766	0
LFQ	117	0	0	7	0	0	0	0	0	0	0	0	0	0	0	58935	0	0	0	0	0	0	16337	0	0	0	0	0	81700	0	0	0	0	179247	0	0	0	451380	0
LFQ	118	0	0	22	0	0	0	0	0	0	0	0	0	0	0	58338	0	0	0	0	0	0	18406	0	0	0	0	0	83002	0	0	0	0	189316	0	0	0	433777	0
LFQ	119	0	0	3	0	0	0	0	0	0	0	0	0	0	0	58953	0	0	0	0	0	0	18910	0	0	0	0	0	82897	0	0	0	0	188938	0	0	0	428405	0
LFQ	120	0	0	1	0	0	0	0	0	0	0	0	0	0	0	58838	0	0	0	0	0	0	20451	0	0	0	0	0	83270	0	0	0	0	197112	0	0	0	413753	0
LFQ	121	0	0	3	0	0	0	0	0	0	0	0	0	0	0	59046	0	0	0	0	0	0	20830	0	0	0	0	0	82541	0	0	0	0	197781	0	0	0	408478	0
LFQ	122	0	0	6	0	0	0	0	0	0	0	0	0	0	0	58682	0	0	0	0	0	0	21895	0	0	0	0	0	82468	0	0	0	0	202260	0	0	0	398607	0
LFQ	123	0	0	1	0	0	0	0	0	0	0	0	0	0	0	58615	0	0	0	0	0	0	23274	0	0	0	0	0	82190	0	0	0	0	205981	0	0	0	389192	0
LFQ	124	0	0	4	0	0	0	0	0	0	0	0	0	0	0	58913	0	0	0	0	0	0	22897	0	0	0	0	0	81667	0	0	0	0	205086	0	0	0	385873	0
LFQ	125	0	0	3	0	0	0	0	0	0	0	0	0	0	0	59103	0	0	0	0	0	0	23936	0	0	0	0	0	81935	0	0	0	0	207272	0	0	0	377378	0
LFQ	126	0	0	2	0	0	0	0	0	0	0	0	0	0	0	59647	0	0	0	0	0	0	24291	0	0	0	0	0	82328	0	0	0	0	207709	0	0	0	370885	0
LFQ	127	0	0	7	0	0	0	0	0	0	0	0	0	0	0	60112	0	0	0	0	0	0	24302	0	0	0	0	0	82153	0	0	0	0	209128	0	0	0	364539	0
LFQ	128	0	0	2	0	0	0	0	0	0	0	0	0	0	0	59786	0	0	0	0	0	0	25358	0	0	0	0	0	82075	0	0	0	0	210477	0	0	0	357621	0
LFQ	129	0	0	3	0	0	0	0	0	0	0	0	0	0	0	59754	0	0	0	0	0	0	25224	0	0	0	0	0	80958	0	0	0	0	208527	0	0	0	356008	0
LFQ	130	0	0	22	0	0	0	0	0	0	0	0	0	0	0	60629	0	0	0	0	0	0	25288	0	0	0	0	0	81814	0	0	0	0	209191	0	0	0	348635	0
LFQ	131	0	0	9	0	0	0	0	0	0	0	0	0	0	0	59806	0	0	0	0	0	0	26057	0	0	0	0	0	81925	0	0	0	0	208788	0	0	0	344251	0
LFQ	132	0	0	15	0	0	0	0	0	0	0	0	0	0	0	60480	0	0	0	0	0	0	25660	0	0	0	0	0	82001	0	0	0	0	206904	0	0	0	340893	0
LFQ	133	0	0	2	0	0	0	0	0	0	0	0	0	0	0	59988	0	0	0	0	0	0	26200	0	0	0	0	0	80877	0	0	0	0	205525	0	0	0	338531	0
LFQ	134	0	0	1	0	0	0	0	0	0	0	0	0	0	0	61013	0	0	0	0	0	0	25624	0	0	0	0	0	80649	0	0	0	0	204574	0	0	0	334463	0
LFQ	135	0	0	9	0	0	0	0	0	0	0	0	0	0	0	61339	0	0	0	0	0	0	25988	0	0	0	0	0	80409	0	0	0	0	204734	0	0	0	329956	0
LFQ	136	0	0	2	0	0	0	0	0	0	0	0	0	0	0	61426	0	0	0	0	0	0	26328	0	0	0	0	0	81083	0	0	0	0	204848	0	0	0	327733	0
LFQ	137	0	0	10	0	0	0	0	0	0	0	0	0	0	0	61650	0	0	0	0	0	0	26009	0	0	0	0	0	81422	0	0	0	0	203787	0	0	0	327500	0
LFQ	138	0	0	5	0	0	0	0	0	0	0	0	0	0	0	62383	0	0	0	0	0	0	26024	0	0	0	0	0	81582	0	0	0	0	204940	0	0	0	324389	0
LFQ	139	0	0	0	0	0	0	0	0	0	0	0	0	0	0	62553	0	0	0	0	0	0	26130	0	0	0	0	0	81691	0	0	0	0	203572	0	0	0	324291	0
LFQ	140	0	0	0	0	0	0	0	0	0	0	0	0	0	0	62473	0	0	0	0	0	0	26564	0	0	0	0	0	81065	0	0	0	0	203185	0	0	0	323932	0
LFQ	141	0	0	0	0	0	0	0	0	0	0	0	0	0	0	62612	0	0	0	0	0	0	26133	0	0	0	0	0	81087	0	0	0	0	202543	0	0	0	323832	0
LFQ	142	0	0	0	0	0	0	0	0	0	0	0	0	0	0	62644	0	0	0	0	0	0	26135	0	0	0	0	0	81151	0	0	0	0	202283	0	0	0	323029	0
LFQ	143	0	0	1	0	0	0	0	0	0	0	0	0	0	0	63367	0	0	0	0	0	0	26146	0	0	0	0	0	80320	0	0	0	0	201418	0	0	0	322945	0
LFQ	144	0	0	3	0	0	0	0	0	0	0	0	0	0	0	63692	0	0	0	0	0	0	26067	0	0	0	0	0	80088	0	0	0	0	201557	0	0	0	321748	0
LFQ	145	0	0	0	0	0	0	0	0	0	0	0	0	0	0	63766	0	0	0	0	0	0	26564	0	0	0	0	0	81702	0	0	0	0	201446	0	0	0	318629	0
LFQ	146	0	0	1	0	0	0	0	0	0	0	0	0	0	0	64446	0	0	0	0	0	0	26501	0	0	0	0	0	81412	0	0	0	0	201017	0	0	0	317656	0
LFQ	147	0	0	0	0	0	0	0	0	0	0	0	0	0	0	64559	0	0	0	0	0	0	26763	0	0	0	0	0	82142	0	0	0	0	200399	0	0	0	316048	0
LFQ	148	0	0	1	0	0	0	0	0	0	0	0	0	0	0	64399	0	0	0	0	0	0	26603	0	0	0	0	0	82127	0	0	0	0	200343	0	0	0	314857	0
LFQ	149	0	0	0	0	0	0	0	0	0	0	0	0	0	0	61981	0	0	0	0	0	0	27121	0	0	0	0	0	83291	0	0	0	0	200864	0	0	0	310140	0
LFQ	150	0	0	0	0	0	0	0	0	0	0	0	0	0	0	41049	0	0	0	0	0	0	27583	0	0	0	0	0	82666	0	0	0	0	200496	0	0	0	309704	0
LFQ	151	0	0	0	0	0	0	0	0	0	0	0	0	0	0	0	0	0	0	0	0	0	60506	0	0	0	0	0	144367	0	0	0	0	179586	0	0	0	88928	0
# GC Content of first fragments. Use `grep ^GCF | cut -f 2-` to extract this part.
GCF	0.75	1
GCF	1.76	2
GCF	2.26	1
GCF	2.76	3
GCF	3.27	2
GCF	4.02	3
GCF	5.03	4
GCF	5.78	3
GCF	6.28	5
GCF	6.78	7
GCF	7.29	10
GCF	7.79	12
GCF	8.29	17
GCF	8.79	18
GCF	9.30	33
GCF	9.80	28
GCF	10.30	41
GCF	10.80	56
GCF	11.31	67
GCF	11.81	79
GCF	12.31	98
GCF	12.81	117
GCF	13.32	149
GCF	13.82	178
GCF	14.32	210
GCF	14.82	236
GCF	15.33	269
GCF	15.83	337
GCF	16.33	384
GCF	16.83	418
GCF	17.34	490
GCF	17.84	601
GCF	18.34	749
GCF	18.84	828
GCF	19.35	1058
GCF	19.85	1342
GCF	20.35	1578
GCF	20.85	1668
GCF	21.36	2087
GCF	21.86	2661
GCF	22.36	3178
GCF	22.86	3374
GCF	23.37	4112
GCF	23.87	4947
GCF	24.37	5819
GCF	24.87	6211
GCF	25.38	7210
GCF	25.88	8448
GCF	26.38	9503
GCF	26.88	10060
GCF	27.39	11416
GCF	27.89	13028
GCF	28.39	14454
GCF	28.89	16106
GCF	29.40	16869
GCF	29.90	18822
GCF	30.40	20678
GCF	30.90	22605
GCF	31.41	23590
GCF	31.91	26010
GCF	32.41	28078
GCF	32.91	30647
GCF	33.42	31862
GCF	33.92	34523
GCF	34.42	37061
GCF	34.92	38938
GCF	35.43	40297
GCF	35.93	42024
GCF	36.43	43893
GCF	36.93	45179
GCF	37.44	46249
GCF	37.94	47063
GCF	38.44	47033
GCF	38.94	47259
GCF	39.45	47499
GCF	39.95	46755
GCF	40.45	45296
GCF	40.95	44405
GCF	41.46	43928
GCF	41.96	42198
GCF	42.46	40427
GCF	42.96	38511
GCF	43.47	36432
GCF	43.97	35465
GCF	44.47	33060
GCF	44.97	31094
GCF	45.48	28871
GCF	45.98	28107
GCF	46.48	25696
GCF	46.98	23802
GCF	47.49	21729
GCF	47.99	21003
GCF	48.49	19312
GCF	48.99	18011
GCF	49.50	16576
GCF	50.00	15851
GCF	50.50	14751
GCF	51.01	13650
GCF	51.51	12543
GCF	52.01	12005
GCF	52.51	11166
GCF	53.02	10603
GCF	53.52	9669
GCF	54.02	9216
GCF	54.52	8671
GCF	55.03	8230
GCF	55.53	7571
GCF	56.03	7233
GCF	56.53	6716
GCF	57.04	6225
GCF	57.54	5664
GCF	58.04	5393
GCF	58.54	5080
GCF	59.05	4639
GCF	59.55	4211
GCF	60.05	3911
GCF	60.55	3777
GCF	61.06	3467
GCF	61.56	3249
GCF	62.06	3017
GCF	62.56	2870
GCF	63.07	2722
GCF	63.57	2480
GCF	64.07	2280
GCF	64.57	2172
GCF	65.08	2081
GCF	65.58	1950
GCF	66.08	1762
GCF	66.58	1670
GCF	67.09	1488
GCF	67.59	1365
GCF	68.09	1234
GCF	68.59	1177
GCF	69.10	1118
GCF	69.60	1023
GCF	70.10	982
GCF	70.60	882
GCF	71.11	779
GCF	71.61	710
GCF	72.11	634
GCF	72.61	640
GCF	73.12	592
GCF	73.62	518
GCF	74.12	457
GCF	74.62	428
GCF	75.13	390
GCF	75.63	347
GCF	76.13	336
GCF	76.63	293
GCF	77.14	252
GCF	77.64	234
GCF	78.14	210
GCF	78.64	191
GCF	79.15	172
GCF	79.65	166
GCF	80.15	144
GCF	80.65	141
GCF	81.16	117
GCF	81.66	98
GCF	82.16	85
GCF	82.66	76
GCF	83.17	66
GCF	83.67	56
GCF	84.17	52
GCF	84.67	38
GCF	85.43	30
GCF	86.18	35
GCF	86.68	31
GCF	87.19	27
GCF	87.69	24
GCF	88.19	20
GCF	88.69	19
GCF	89.20	20
GCF	89.70	19
GCF	90.20	12
GCF	90.70	13
GCF	91.46	10
GCF	92.21	11
GCF	92.71	7
GCF	93.22	3
GCF	93.72	5
GCF	94.22	7
GCF	94.72	5
GCF	95.48	6
GCF	96.23	4
GCF	96.73	11
GCF	97.24	8
GCF	97.99	7
GCF	99.25	4
# GC Content of last fragments. Use `grep ^GCL | cut -f 2-` to extract this part.
GCL	0.50	2
GCL	1.51	3
GCL	2.26	2
GCL	3.02	3
GCL	3.77	6
GCL	4.27	5
GCL	4.77	9
GCL	5.28	11
GCL	6.03	14
GCL	6.78	25
GCL	7.29	31
GCL	7.79	34
GCL	8.29	53
GCL	9.05	61
GCL	9.80	75
GCL	10.30	92
GCL	10.80	105
GCL	11.31	145
GCL	11.81	163
GCL	12.31	192
GCL	12.81	211
GCL	13.32	224
GCL	13.82	264
GCL	14.32	301
GCL	14.82	354
GCL	15.33	450
GCL	15.83	529
GCL	16.33	603
GCL	16.83	718
GCL	17.34	796
GCL	17.84	900
GCL	18.34	1064
GCL	18.84	1177
GCL	19.35	1393
GCL	19.85	1618
GCL	20.35	1926
GCL	20.85	2195
GCL	21.36	2621
GCL	21.86	3124
GCL	22.36	3694
GCL	22.86	3956
GCL	23.37	4574
GCL	23.87	5542
GCL	24.37	6399
GCL	24.87	6964
GCL	25.38	7886
GCL	25.88	9118
GCL	26.38	10307
GCL	26.88	11040
GCL	27.39	12452
GCL	27.89	13958
GCL	28.39	15204
GCL	28.89	16950
GCL	29.40	18174
GCL	29.90	19759
GCL	30.40	21537
GCL	30.90	23804
GCL	31.41	25094
GCL	31.91	27129
GCL	32.41	29273
GCL	32.91	31782
GCL	33.42	33242
GCL	33.92	35378
GCL	34.42	38148
GCL	34.92	39862
GCL	35.43	41214
GCL	35.93	43460
GCL	36.43	45091
GCL	36.93	46430
GCL	37.44	47493
GCL	37.94	47705
GCL	38.44	48120
GCL	38.94	48258
GCL	39.45	48103
GCL	39.95	47148
GCL	40.45	46391
GCL	40.95	45039
GCL	41.46	44537
GCL	41.96	43030
GCL	42.46	40998
GCL	42.96	39198
GCL	43.47	37112
GCL	43.97	35638
GCL	44.47	33686
GCL	44.97	31827
GCL	45.48	29336
GCL	45.98	28323
GCL	46.48	25952
GCL	46.98	24163
GCL	47.49	22185
GCL	47.99	21315
GCL	48.49	19747
GCL	48.99	18473
GCL	49.50	17030
GCL	50.00	15952
GCL	50.50	14920
GCL	51.01	13830
GCL	51.51	12843
GCL	52.01	12213
GCL	52.51	11232
GCL	53.02	10620
GCL	53.52	9830
GCL	54.02	9223
GCL	54.52	8715
GCL	55.03	8365
GCL	55.53	7686
GCL	56.03	7248
GCL	56.53	6872
GCL	57.04	6367
GCL	57.54	5883
GCL	58.04	5417
GCL	58.54	5133
GCL	59.05	4691
GCL	59.55	4295
GCL	60.05	4000
GCL	60.55	3799
GCL	61.06	3489
GCL	61.56	3266
GCL	62.06	3020
GCL	62.56	2884
GCL	63.07	2680
GCL	63.57	2534
GCL	64.07	2342
GCL	64.57	2237
GCL	65.08	2075
GCL	65.58	1954
GCL	66.08	1794
GCL	66.58	1666
GCL	67.09	1503
GCL	67.59	1423
GCL	68.09	1278
GCL	68.59	1182
GCL	69.10	1092
GCL	69.60	1015
GCL	70.10	940
GCL	70.60	868
GCL	71.11	795
GCL	71.61	697
GCL	72.11	623
GCL	72.61	621
GCL	73.12	574
GCL	73.62	517
GCL	74.12	465
GCL	74.62	408
GCL	75.13	361
GCL	75.63	333
GCL	76.13	307
GCL	76.63	290
GCL	77.14	252
GCL	77.64	227
GCL	78.14	191
GCL	78.64	183
GCL	79.15	169
GCL	79.65	143
GCL	80.15	127
GCL	80.65	115
GCL	81.16	105
GCL	81.66	91
GCL	82.16	83
GCL	82.66	67
GCL	83.17	61
GCL	83.67	56
GCL	84.17	50
GCL	84.67	48
GCL	85.18	40
GCL	85.68	37
GCL	86.18	27
GCL	86.68	30
GCL	87.19	24
GCL	87.94	21
GCL	88.69	17
GCL	89.20	14
GCL	89.70	13
GCL	90.45	7
GCL	91.21	8
GCL	91.71	6
GCL	92.21	5
GCL	92.71	8
GCL	93.47	6
GCL	94.22	4
GCL	94.72	5
GCL	95.23	3
GCL	95.73	5
GCL	96.23	4
GCL	96.98	7
GCL	97.74	6
GCL	98.24	5
GCL	98.74	14
GCL	99.50	36
# ACGT content per cycle. Use `grep ^GCC | cut -f 2-` to extract this part. The columns are: cycle; A,C,G,T base counts as a percentage of all A/C/G/T bases [%]; and N and O counts as a percentage of all A/C/G/T bases [%]
GCC	1	19.13	30.91	31.28	18.68	0.00	0.00
GCC	2	31.53	18.39	18.20	31.88	0.00	0.00
GCC	3	31.46	18.58	18.43	31.52	0.00	0.00
GCC	4	31.70	18.13	17.78	32.39	0.00	0.00
GCC	5	35.29	14.73	14.45	35.52	0.00	0.00
GCC	6	31.14	18.92	19.18	30.76	0.00	0.00
GCC	7	30.23	19.73	19.94	30.09	0.00	0.00
GCC	8	30.55	19.51	19.66	30.28	0.00	0.00
GCC	9	24.17	25.88	25.61	24.34	0.00	0.00
GCC	10	31.59	18.49	18.35	31.57	0.00	0.00
GCC	11	28.15	21.66	21.97	28.22	0.00	0.00
GCC	12	30.29	19.65	19.64	30.42	0.00	0.00
GCC	13	27.84	22.06	22.18	27.92	0.00	0.00
GCC	14	27.60	22.39	22.27	27.73	0.00	0.00
GCC	15	29.19	20.93	20.91	28.97	0.00	0.00
GCC	16	30.42	19.70	19.67	30.21	0.00	0.00
GCC	17	30.69	19.38	19.39	30.54	0.00	0.00
GCC	18	30.60	19.37	19.29	30.74	0.00	0.00
GCC	19	30.31	19.65	19.75	30.29	0.00	0.00
GCC	20	30.22	19.80	19.81	30.17	0.00	0.00
GCC	21	30.14	19.83	19.86	30.18	0.00	0.00
GCC	22	30.18	19.74	19.91	30.17	0.00	0.00
GCC	23	30.10	19.88	19.86	30.16	0.00	0.00
GCC	24	30.30	19.71	19.78	30.21	0.00	0.00
GCC	25	30.13	19.87	19.92	30.09	0.00	0.00
GCC	26	30.31	19.73	19.79	30.17	0.00	0.00
GCC	27	30.24	19.69	19.75	30.31	0.00	0.00
GCC	28	30.29	19.77	19.75	30.20	0.00	0.00
GCC	29	30.18	19.78	19.83	30.21	0.00	0.00
GCC	30	30.26	19.73	19.77	30.24	0.00	0.00
GCC	31	30.21	19.82	19.85	30.12	0.00	0.00
GCC	32	30.18	19.74	19.91	30.17	0.00	0.00
GCC	33	30.30	19.78	19.77	30.15	0.00	0.00
GCC	34	30.28	19.79	19.74	30.19	0.00	0.00
GCC	35	30.26	19.82	19.76	30.16	0.00	0.00
GCC	36	30.38	19.67	19.70	30.25	0.00	0.00
GCC	37	30.31	19.72	19.79	30.18	0.00	0.00
GCC	38	30.37	19.68	19.73	30.22	0.00	0.00
GCC	39	30.31	19.74	19.77	30.19	0.00	0.00
GCC	40	30.35	19.71	19.68	30.26	0.00	0.00
GCC	41	30.33	19.71	19.71	30.25	0.00	0.00
GCC	42	30.43	19.64	19.63	30.29	0.00	0.00
GCC	43	30.25	19.71	19.79	30.25	0.00	0.00
GCC	44	30.40	19.68	19.68	30.24	0.00	0.00
GCC	45	30.34	19.65	19.67	30.33	0.00	0.00
GCC	46	30.34	19.63	19.70	30.34	0.00	0.00
GCC	47	30.36	19.69	19.71	30.24	0.00	0.00
GCC	48	30.45	19.54	19.59	30.42	0.00	0.00
GCC	49	30.37	19.64	19.67	30.32	0.00	0.00
GCC	50	30.43	19.50	19.69	30.38	0.00	0.00
GCC	51	30.49	19.52	19.55	30.44	0.00	0.00
GCC	52	30.40	19.62	19.66	30.32	0.00	0.00
GCC	53	30.49	19.54	19.65	30.32	0.00	0.00
GCC	54	30.57	19.51	19.56	30.36	0.00	0.00
GCC	55	30.44	19.52	19.62	30.42	0.00	0.00
GCC	56	30.49	19.48	19.60	30.43	0.00	0.00
GCC	57	30.54	19.47	19.52	30.47	0.00	0.00
GCC	58	30.47	19.52	19.66	30.34	0.00	0.00
GCC	59	30.48	19.54	19.64	30.34	0.00	0.00
GCC	60	30.44	19.60	19.53	30.43	0.00	0.00
GCC	61	30.53	19.53	19.61	30.33	0.00	0.00
GCC	62	30.47	19.58	19.56	30.39	0.00	0.00
GCC	63	30.63	19.49	19.46	30.42	0.00	0.00
GCC	64	30.59	19.43	19.47	30.52	0.00	0.00
GCC	65	30.53	19.45	19.52	30.50	0.00	0.00
GCC	66	30.59	19.35	19.42	30.63	0.00	0.00
GCC	67	30.54	19.47	19.48	30.51	0.00	0.00
GCC	68	30.50	19.39	19.51	30.59	0.00	0.00
GCC	69	30.53	19.45	19.56	30.46	0.00	0.00
GCC	70	30.51	19.43	19.50	30.56	0.00	0.00
GCC	71	30.52	19.47	19.46	30.56	0.00	0.00
GCC	72	30.59	19.37	19.47	30.57	0.00	0.00
GCC	73	30.61	19.42	19.48	30.49	0.00	0.00
GCC	74	30.54	19.47	19.47	30.52	0.00	0.00
GCC	75	30.64	19.37	19.37	30.62	0.00	0.00
GCC	76	30.70	19.35	19.30	30.65	0.00	0.00
GCC	77	30.70	19.37	19.38	30.55	0.00	0.00
GCC	78	30.70	19.30	19.37	30.62	0.00	0.00
GCC	79	30.66	19.42	19.38	30.54	0.00	0.00
GCC	80	30.52	19.41	19.47	30.60	0.00	0.00
GCC	81	30.66	19.31	19.39	30.64	0.00	0.00
GCC	82	30.60	19.36	19.47	30.58	0.00	0.00
GCC	83	30.68	19.35	19.39	30.58	0.00	0.00
GCC	84	30.65	19.31	19.38	30.66	0.00	0.00
GCC	85	30.74	19.28	19.35	30.63	0.00	0.00
GCC	86	30.66	19.30	19.37	30.67	0.00	0.00
GCC	87	30.77	19.20	19.30	30.73	0.00	0.00
GCC	88	30.66	19.30	19.34	30.69	0.00	0.00
GCC	89	30.71	19.29	19.31	30.69	0.00	0.00
GCC	90	30.74	19.25	19.27	30.74	0.00	0.00
GCC	91	30.75	19.27	19.33	30.66	0.00	0.00
GCC	92	30.71	19.25	19.34	30.69	0.00	0.00
GCC	93	30.80	19.23	19.31	30.67	0.00	0.00
GCC	94	30.79	19.17	19.26	30.78	0.00	0.00
GCC	95	30.80	19.20	19.25	30.75	0.00	0.00
GCC	96	30.78	19.20	19.22	30.79	0.00	0.00
GCC	97	30.84	19.14	19.25	30.77	0.00	0.00
GCC	98	30.81	19.18	19.29	30.72	0.00	0.00
GCC	99	30.88	19.14	19.21	30.78	0.00	0.00
GCC	100	30.79	19.19	19.24	30.78	0.00	0.00
GCC	101	30.75	19.21	19.33	30.72	0.00	0.00
GCC	102	30.72	19.23	19.18	30.87	0.00	0.00
GCC	103	30.72	19.27	19.34	30.66	0.00	0.00
GCC	104	30.79	19.22	19.22	30.76	0.00	0.00
GCC	105	30.87	19.09	19.27	30.77	0.00	0.00
GCC	106	30.73	19.13	19.27	30.87	0.00	0.00
GCC	107	30.80	19.10	19.28	30.82	0.00	0.00
GCC	108	30.92	19.09	19.11	30.89	0.00	0.00
GCC	109	30.86	19.13	19.26	30.75	0.00	0.00
GCC	110	30.85	19.15	19.18	30.82	0.00	0.00
GCC	111	30.87	19.05	19.17	30.92	0.00	0.00
GCC	112	30.83	19.26	19.23	30.68	0.00	0.00
GCC	113	30.94	19.16	19.16	30.75	0.00	0.00
GCC	114	30.94	19.14	19.15	30.76	0.00	0.00
GCC	115	30.89	19.12	19.17	30.83	0.00	0.00
GCC	116	30.92	19.07	19.24	30.77	0.00	0.00
GCC	117	30.92	19.03	19.13	30.91	0.00	0.00
GCC	118	30.96	19.07	19.12	30.85	0.00	0.00
GCC	119	30.81	19.16	19.19	30.84	0.00	0.00
GCC	120	30.86	19.10	19.16	30.88	0.00	0.00
GCC	121	30.85	19.17	19.23	30.75	0.00	0.00
GCC	122	30.87	19.15	19.15	30.82	0.00	0.00
GCC	123	30.92	19.11	19.09	30.87	0.00	0.00
GCC	124	30.93	19.11	19.11	30.85	0.00	0.00
GCC	125	30.90	19.10	19.19	30.82	0.00	0.00
GCC	126	31.03	19.03	19.07	30.88	0.00	0.00
GCC	127	30.90	19.10	19.14	30.86	0.00	0.00
GCC	128	30.96	19.04	19.13	30.87	0.00	0.00
GCC	129	30.96	18.98	19.07	30.99	0.00	0.00
GCC	130	30.96	19.04	19.08	30.93	0.00	0.00
GCC	131	30.88	19.10	19.13	30.89	0.00	0.00
GCC	132	30.97	18.96	19.05	31.02	0.00	0.00
GCC	133	31.04	18.95	19.11	30.90	0.00	0.00
GCC	134	30.93	19.08	19.06	30.93	0.00	0.00
GCC	135	30.97	19.02	19.04	30.97	0.00	0.00
GCC	136	30.71	19.26	19.22	30.81	0.00	0.00
GCC	137	30.88	19.11	19.12	30.89	0.00	0.00
GCC	138	30.74	19.25	19.27	30.74	0.00	0.00
GCC	139	30.69	19.26	19.26	30.79	0.00	0.00
GCC	140	30.59	19.39	19.41	30.61	0.00	0.00
GCC	141	30.73	19.30	19.27	30.70	0.00	0.00
GCC	142	30.53	19.43	19.45	30.60	0.00	0.00
GCC	143	30.66	19.25	19.35	30.74	0.00	0.00
GCC	144	30.84	19.16	19.16	30.84	0.00	0.00
GCC	145	30.95	19.00	19.10	30.95	0.00	0.00
GCC	146	30.99	18.93	18.99	31.09	0.00	0.00
GCC	147	31.18	18.81	18.84	31.17	0.00	0.00
GCC	148	30.93	19.08	19.08	30.91	0.00	0.00
GCC	149	31.00	18.92	18.92	31.16	0.00	0.00
GCC	150	30.97	19.15	19.02	30.86	0.00	0.00
GCC	151	30.92	19.07	18.95	31.07	0.00	0.00
# ACGT content per cycle, read oriented. Use `grep ^GCT | cut -f 2-` to extract this part. The columns are: cycle; A,C,G,T base counts as a percentage of all A/C/G/T bases [%]
GCT	1	25.52	24.82	37.37	12.29
GCT	2	24.73	21.34	15.24	38.68
GCT	3	29.88	21.69	15.32	33.11
GCT	4	20.47	24.17	11.74	43.63
GCT	5	29.18	19.17	10.02	41.63
GCT	6	36.30	15.91	22.20	25.59
GCT	7	31.61	17.74	21.93	28.72
GCT	8	34.20	18.38	20.79	26.64
GCT	9	21.02	29.86	21.63	27.50
GCT	10	28.24	21.14	15.70	34.93
GCT	11	27.01	17.36	26.27	29.36
GCT	12	27.83	19.88	19.41	32.89
GCT	13	25.59	21.34	22.90	30.17
GCT	14	25.29	25.49	19.17	30.05
GCT	15	31.31	21.36	20.48	26.85
GCT	16	32.21	19.79	19.58	28.42
GCT	17	31.01	19.55	19.22	30.22
GCT	18	30.42	19.52	19.14	30.91
GCT	19	30.03	19.69	19.71	30.57
GCT	20	29.85	20.01	19.61	30.53
GCT	21	29.90	19.98	19.70	30.41
GCT	22	29.81	19.81	19.84	30.54
GCT	23	29.88	19.93	19.81	30.38
GCT	24	30.07	19.85	19.64	30.44
GCT	25	29.97	20.00	19.78	30.24
GCT	26	30.12	19.81	19.71	30.36
GCT	27	30.31	19.76	19.68	30.25
GCT	28	30.23	19.79	19.72	30.25
GCT	29	30.00	19.99	19.62	30.39
GCT	30	30.17	19.81	19.68	30.33
GCT	31	30.13	19.90	19.76	30.21
GCT	32	30.09	19.85	19.80	30.26
GCT	33	30.14	19.91	19.64	30.31
GCT	34	30.04	19.86	19.67	30.43
GCT	35	30.11	20.00	19.58	30.32
GCT	36	30.43	19.74	19.63	30.20
GCT	37	30.30	19.79	19.72	30.19
GCT	38	30.23	19.79	19.63	30.35
GCT	39	30.15	19.81	19.70	30.34
GCT	40	30.16	19.76	19.63	30.45
GCT	41	30.12	19.82	19.60	30.45
GCT	42	30.36	19.70	19.57	30.36
GCT	43	30.15	19.80	19.70	30.36
GCT	44	30.35	19.79	19.57	30.29
GCT	45	30.32	19.71	19.61	30.36
GCT	46	30.35	19.71	19.62	30.32
GCT	47	30.34	19.83	19.57	30.26
GCT	48	30.52	19.59	19.53	30.35
GCT	49	30.37	19.61	19.70	30.32
GCT	50	30.42	19.63	19.57	30.39
GCT	51	30.49	19.56	19.51	30.44
GCT	52	30.38	19.66	19.62	30.34
GCT	53	30.39	19.66	19.52	30.43
GCT	54	30.43	19.55	19.52	30.50
GCT	55	30.38	19.51	19.63	30.48
GCT	56	30.46	19.51	19.57	30.46
GCT	57	30.58	19.52	19.47	30.43
GCT	58	30.41	19.56	19.63	30.41
GCT	59	30.44	19.58	19.60	30.38
GCT	60	30.54	19.56	19.57	30.33
GCT	61	30.50	19.54	19.60	30.37
GCT	62	30.43	19.64	19.51	30.43
GCT	63	30.60	19.52	19.43	30.45
GCT	64	30.49	19.45	19.45	30.61
GCT	65	30.44	19.56	19.41	30.59
GCT	66	30.66	19.35	19.43	30.57
GCT	67	30.55	19.37	19.57	30.50
GCT	68	30.57	19.53	19.38	30.52
GCT	69	30.62	19.44	19.57	30.37
GCT	70	30.58	19.38	19.55	30.49
GCT	71	30.56	19.49	19.43	30.51
GCT	72	30.66	19.43	19.41	30.50
GCT	73	30.60	19.41	19.49	30.50
GCT	74	30.61	19.45	19.48	30.46
GCT	75	30.74	19.33	19.42	30.52
GCT	76	30.80	19.29	19.35	30.56
GCT	77	30.70	19.36	19.39	30.55
GCT	78	30.79	19.27	19.40	30.53
GCT	79	30.60	19.35	19.45	30.60
GCT	80	30.57	19.49	19.38	30.56
GCT	81	30.76	19.30	19.40	30.55
GCT	82	30.70	19.33	19.50	30.48
GCT	83	30.73	19.33	19.41	30.53
GCT	84	30.80	19.23	19.46	30.51
GCT	85	30.75	19.20	19.43	30.62
GCT	86	30.75	19.33	19.34	30.58
GCT	87	30.96	19.22	19.28	30.54
GCT	88	30.81	19.24	19.41	30.54
GCT	89	30.72	19.31	19.29	30.68
GCT	90	30.85	19.21	19.31	30.62
GCT	91	30.76	19.24	19.35	30.65
GCT	92	30.79	19.27	19.32	30.62
GCT	93	30.92	19.22	19.31	30.55
GCT	94	30.85	19.16	19.27	30.71
GCT	95	30.77	19.21	19.25	30.77
GCT	96	30.85	19.21	19.22	30.72
GCT	97	30.95	19.15	19.24	30.66
GCT	98	30.87	19.16	19.31	30.66
GCT	99	31.04	19.14	19.21	30.62
GCT	100	30.86	19.06	19.37	30.71
GCT	101	30.76	19.18	19.35	30.71
GCT	102	30.97	19.16	19.25	30.63
GCT	103	30.83	19.26	19.35	30.55
GCT	104	30.97	19.20	19.24	30.58
GCT	105	30.98	19.10	19.26	30.67
GCT	106	31.01	19.10	19.30	30.60
GCT	107	30.98	19.20	19.18	30.64
GCT	108	31.18	19.06	19.14	30.63
GCT	109	31.07	19.11	19.28	30.53
GCT	110	31.10	19.16	19.16	30.58
GCT	111	31.01	19.03	19.19	30.77
GCT	112	30.85	19.18	19.31	30.67
GCT	113	30.98	19.12	19.20	30.71
GCT	114	31.06	19.01	19.28	30.65
GCT	115	31.07	19.02	19.26	30.65
GCT	116	31.01	19.04	19.27	30.68
GCT	117	31.09	18.99	19.18	30.75
GCT	118	31.04	18.93	19.26	30.78
GCT	119	31.00	19.03	19.32	30.65
GCT	120	31.09	19.01	19.25	30.64
GCT	121	30.98	19.06	19.34	30.63
GCT	122	31.05	19.05	19.25	30.65
GCT	123	31.12	19.02	19.19	30.67
GCT	124	31.03	18.96	19.26	30.75
GCT	125	31.07	19.09	19.19	30.64
GCT	126	31.18	18.92	19.18	30.72
GCT	127	31.06	19.00	19.25	30.69
GCT	128	31.11	19.02	19.14	30.73
GCT	129	31.16	18.91	19.15	30.79
GCT	130	31.14	18.94	19.17	30.75
GCT	131	31.07	19.06	19.17	30.70
GCT	132	31.24	18.91	19.10	30.75
GCT	133	31.14	18.90	19.17	30.80
GCT	134	31.08	18.95	19.19	30.78
GCT	135	31.21	18.97	19.09	30.73
GCT	136	30.99	19.43	19.05	30.53
GCT	137	30.75	19.33	18.89	31.02
GCT	138	30.60	19.12	19.39	30.88
GCT	139	30.41	19.23	19.29	31.07
GCT	140	30.25	19.61	19.19	30.95
GCT	141	30.14	19.43	19.13	31.30
GCT	142	29.95	19.90	18.98	31.17
GCT	143	29.75	19.76	18.84	31.65
GCT	144	29.82	19.67	18.65	31.87
GCT	145	29.98	19.49	18.61	31.92
GCT	146	29.88	19.49	18.43	32.20
GCT	147	30.21	19.38	18.28	32.13
GCT	148	30.06	19.77	18.39	31.78
GCT	149	30.36	19.71	18.13	31.80
GCT	150	30.15	20.10	18.08	31.68
GCT	151	28.52	20.68	17.33	33.47
# ACGT content per cycle for first fragments. Use `grep ^FBC | cut -f 2-` to extract this part. The columns are: cycle; A,C,G,T base counts as a percentage of all A/C/G/T bases [%]; and N and O counts as a percentage of all A/C/G/T bases [%]
FBC	1	19.11	30.95	31.24	18.71	0.00	0.00
FBC	2	31.61	18.38	18.20	31.81	0.00	0.00
FBC	3	31.53	18.50	18.39	31.58	0.00	0.00
FBC	4	31.86	18.06	17.78	32.30	0.00	0.00
FBC	5	35.27	14.84	14.53	35.36	0.00	0.00
FBC	6	31.11	18.95	19.19	30.76	0.00	0.00
FBC	7	30.22	19.78	19.95	30.06	0.00	0.00
FBC	8	30.47	19.55	19.69	30.29	0.00	0.00
FBC	9	24.15	25.84	25.63	24.38	0.00	0.00
FBC	10	31.57	18.54	18.40	31.49	0.00	0.00
FBC	11	28.14	21.73	21.96	28.17	0.00	0.00
FBC	12	30.26	19.67	19.67	30.39	0.00	0.00
FBC	13	27.88	22.05	22.18	27.89	0.00	0.00
FBC	14	27.58	22.46	22.28	27.67	0.00	0.00
FBC	15	29.17	20.95	20.96	28.93	0.00	0.00
FBC	16	30.39	19.74	19.71	30.16	0.00	0.00
FBC	17	30.68	19.42	19.36	30.53	0.00	0.00
FBC	18	30.57	19.39	19.29	30.75	0.00	0.00
FBC	19	30.32	19.68	19.78	30.22	0.00	0.00
FBC	20	30.16	19.82	19.87	30.16	0.00	0.00
FBC	21	30.07	19.84	19.84	30.26	0.00	0.00
FBC	22	30.16	19.73	19.92	30.19	0.00	0.00
FBC	23	30.12	19.89	19.85	30.14	0.00	0.00
FBC	24	30.32	19.76	19.75	30.17	0.00	0.00
FBC	25	30.09	19.91	19.89	30.11	0.00	0.00
FBC	26	30.32	19.70	19.81	30.17	0.00	0.00
FBC	27	30.24	19.68	19.74	30.34	0.00	0.00
FBC	28	30.28	19.76	19.76	30.21	0.00	0.00
FBC	29	30.17	19.83	19.83	30.17	0.00	0.00
FBC	30	30.18	19.82	19.78	30.22	0.00	0.00
FBC	31	30.18	19.83	19.87	30.12	0.00	0.00
FBC	32	30.20	19.74	19.90	30.15	0.00	0.00
FBC	33	30.28	19.84	19.74	30.13	0.00	0.00
FBC	34	30.27	19.87	19.71	30.15	0.00	0.00
FBC	35	30.24	19.85	19.77	30.14	0.00	0.00
FBC	36	30.31	19.75	19.70	30.24	0.00	0.00
FBC	37	30.25	19.76	19.84	30.15	0.00	0.00
FBC	38	30.35	19.71	19.71	30.24	0.00	0.00
FBC	39	30.26	19.75	19.79	30.20	0.00	0.00
FBC	40	30.28	19.81	19.65	30.26	0.00	0.00
FBC	41	30.34	19.72	19.68	30.25	0.00	0.00
FBC	42	30.40	19.62	19.64	30.34	0.00	0.00
FBC	43	30.18	19.73	19.84	30.26	0.00	0.00
FBC	44	30.31	19.73	19.70	30.26	0.00	0.00
FBC	45	30.29	19.65	19.65	30.42	0.00	0.00
FBC	46	30.32	19.67	19.70	30.31	0.00	0.00
FBC	47	30.33	19.75	19.70	30.22	0.00	0.00
FBC	48	30.44	19.52	19.63	30.41	0.00	0.00
FBC	49	30.33	19.66	19.72	30.28	0.00	0.00
FBC	50	30.34	19.57	19.69	30.40	0.00	0.00
FBC	51	30.47	19.54	19.54	30.45	0.00	0.00
FBC	52	30.36	19.64	19.70	30.30	0.00	0.00
FBC	53	30.47	19.54	19.64	30.35	0.00	0.00
FBC	54	30.54	19.55	19.59	30.31	0.00	0.00
FBC	55	30.42	19.53	19.66	30.39	0.00	0.00
FBC	56	30.52	19.55	19.62	30.32	0.00	0.00
FBC	57	30.53	19.55	19.51	30.41	0.00	0.00
FBC	58	30.48	19.51	19.68	30.33	0.00	0.00
FBC	59	30.48	19.55	19.63	30.33	0.00	0.00
FBC	60	30.43	19.61	19.55	30.41	0.00	0.00
FBC	61	30.50	19.53	19.65	30.32	0.00	0.00
FBC	62	30.40	19.63	19.56	30.41	0.00	0.00
FBC	63	30.63	19.51	19.44	30.41	0.00	0.00
FBC	64	30.58	19.47	19.46	30.49	0.00	0.00
FBC	65	30.45	19.49	19.54	30.52	0.00	0.00
FBC	66	30.56	19.39	19.40	30.65	0.00	0.00
FBC	67	30.51	19.51	19.53	30.46	0.00	0.00
FBC	68	30.45	19.43	19.53	30.59	0.00	0.00
FBC	69	30.54	19.45	19.51	30.49	0.00	0.00
FBC	70	30.47	19.45	19.51	30.58	0.00	0.00
FBC	71	30.46	19.52	19.48	30.54	0.00	0.00
FBC	72	30.59	19.37	19.48	30.55	0.00	0.00
FBC	73	30.66	19.43	19.44	30.47	0.00	0.00
FBC	74	30.50	19.45	19.51	30.55	0.00	0.00
FBC	75	30.60	19.38	19.39	30.63	0.00	0.00
FBC	76	30.67	19.33	19.36	30.65	0.00	0.00
FBC	77	30.68	19.40	19.40	30.52	0.00	0.00
FBC	78	30.61	19.36	19.42	30.61	0.00	0.00
FBC	79	30.66	19.44	19.40	30.50	0.00	0.00
FBC	80	30.59	19.42	19.39	30.60	0.00	0.00
FBC	81	30.65	19.31	19.45	30.59	0.00	0.00
FBC	82	30.62	19.37	19.44	30.57	0.00	0.00
FBC	83	30.64	19.34	19.43	30.59	0.00	0.00
FBC	84	30.68	19.32	19.41	30.59	0.00	0.00
FBC	85	30.75	19.29	19.33	30.64	0.00	0.00
FBC	86	30.67	19.32	19.37	30.64	0.00	0.00
FBC	87	30.76	19.18	19.31	30.75	0.00	0.00
FBC	88	30.62	19.34	19.36	30.68	0.00	0.00
FBC	89	30.67	19.36	19.34	30.63	0.00	0.00
FBC	90	30.71	19.34	19.29	30.67	0.00	0.00
FBC	91	30.70	19.27	19.35	30.68	0.00	0.00
FBC	92	30.68	19.30	19.32	30.70	0.00	0.00
FBC	93	30.76	19.22	19.29	30.73	0.00	0.00
FBC	94	30.84	19.21	19.23	30.72	0.00	0.00
FBC	95	30.79	19.24	19.25	30.72	0.00	0.00
FBC	96	30.78	19.23	19.23	30.76	0.00	0.00
FBC	97	30.83	19.17	19.25	30.75	0.00	0.00
FBC	98	30.74	19.20	19.27	30.79	0.00	0.00
FBC	99	30.78	19.16	19.23	30.82	0.00	0.00
FBC	100	30.84	19.18	19.20	30.78	0.00	0.00
FBC	101	30.76	19.24	19.29	30.71	0.00	0.00
FBC	102	30.71	19.25	19.14	30.90	0.00	0.00
FBC	103	30.75	19.32	19.35	30.58	0.00	0.00
FBC	104	30.74	19.29	19.22	30.74	0.00	0.00
FBC	105	30.86	19.11	19.28	30.76	0.00	0.00
FBC	106	30.74	19.14	19.31	30.82	0.00	0.00
FBC	107	30.85	19.06	19.29	30.80	0.00	0.00
FBC	108	30.85	19.10	19.13	30.92	0.00	0.00
FBC	109	30.90	19.12	19.19	30.78	0.00	0.00
FBC	110	30.80	19.13	19.20	30.86	0.00	0.00
FBC	111	30.78	19.10	19.23	30.89	0.00	0.00
FBC	112	30.75	19.32	19.21	30.72	0.00	0.00
FBC	113	30.89	19.22	19.09	30.80	0.00	0.00
FBC	114	30.96	19.16	19.11	30.77	0.00	0.00
FBC	115	30.97	19.10	19.19	30.74	0.00	0.00
FBC	116	30.95	19.15	19.22	30.69	0.00	0.00
FBC	117	30.94	19.04	19.16	30.86	0.00	0.00
FBC	118	30.94	19.11	19.12	30.82	0.00	0.00
FBC	119	30.80	19.19	19.21	30.80	0.00	0.00
FBC	120	30.88	19.13	19.13	30.85	0.00	0.00
FBC	121	30.84	19.16	19.26	30.73	0.00	0.00
FBC	122	30.89	19.16	19.11	30.84	0.00	0.00
FBC	123	30.89	19.17	19.09	30.85	0.00	0.00
FBC	124	30.92	19.14	19.13	30.81	0.00	0.00
FBC	125	30.90	19.10	19.21	30.78	0.00	0.00
FBC	126	31.10	19.02	19.04	30.84	0.00	0.00
FBC	127	30.88	19.13	19.16	30.83	0.00	0.00
FBC	128	30.96	19.04	19.05	30.95	0.00	0.00
FBC	129	30.94	19.00	19.08	30.98	0.00	0.00
FBC	130	30.99	19.05	19.09	30.87	0.00	0.00
FBC	131	30.88	19.16	19.08	30.88	0.00	0.00
FBC	132	31.00	18.95	19.03	31.02	0.00	0.00
FBC	133	31.04	18.96	19.06	30.94	0.00	0.00
FBC	134	30.88	19.15	19.07	30.89	0.00	0.00
FBC	135	30.97	19.04	19.03	30.95	0.00	0.00
FBC	136	30.71	19.28	19.29	30.71	0.00	0.00
FBC	137	30.84	19.12	19.10	30.95	0.00	0.00
FBC	138	30.75	19.27	19.23	30.75	0.00	0.00
FBC	139	30.74	19.22	19.23	30.82	0.00	0.00
FBC	140	30.58	19.40	19.41	30.62	0.00	0.00
FBC	141	30.72	19.29	19.29	30.70	0.00	0.00
FBC	142	30.53	19.47	19.44	30.57	0.00	0.00
FBC	143	30.63	19.25	19.35	30.77	0.00	0.00
FBC	144	30.82	19.16	19.16	30.86	0.00	0.00
FBC	145	30.97	19.01	19.11	30.91	0.00	0.00
FBC	146	31.00	18.95	18.96	31.09	0.00	0.00
FBC	147	31.19	18.78	18.86	31.17	0.00	0.00
FBC	148	30.90	19.13	19.04	30.93	0.00	0.00
FBC	149	30.92	18.93	18.94	31.21	0.00	0.00
FBC	150	30.96	19.15	18.98	30.91	0.00	0.00
FBC	151	30.84	19.15	19.10	30.91	0.00	0.00
# ACGT raw counters for first fragments. Use `grep ^FTC | cut -f 2-` to extract this part. The columns are: A,C,G,T,N base counters
FTC	43315920	27824944	27854219	43267503	92
# ACGT content per cycle for last fragments. Use `grep ^LBC | cut -f 2-` to extract this part. The columns are: cycle; A,C,G,T base counts as a percentage of all A/C/G/T bases [%]; and N and O counts as a percentage of all A/C/G/T bases [%]
LBC	1	19.14	30.86	31.33	18.66	0.00	0.00
LBC	2	31.46	18.39	18.19	31.95	0.00	0.00
LBC	3	31.39	18.67	18.47	31.47	0.00	0.00
LBC	4	31.54	18.20	17.78	32.48	0.00	0.00
LBC	5	35.31	14.63	14.38	35.68	0.00	0.00
LBC	6	31.17	18.89	19.18	30.75	0.00	0.00
LBC	7	30.25	19.68	19.93	30.13	0.00	0.00
LBC	8	30.64	19.46	19.63	30.27	0.00	0.00
LBC	9	24.20	25.92	25.58	24.30	0.00	0.00
LBC	10	31.62	18.44	18.29	31.65	0.00	0.00
LBC	11	28.17	21.60	21.98	28.26	0.00	0.00
LBC	12	30.32	19.62	19.61	30.45	0.00	0.00
LBC	13	27.79	22.08	22.18	27.95	0.00	0.00
LBC	14	27.62	22.32	22.26	27.79	0.00	0.00
LBC	15	29.21	20.91	20.86	29.01	0.00	0.00
LBC	16	30.45	19.67	19.62	30.26	0.00	0.00
LBC	17	30.70	19.34	19.42	30.55	0.00	0.00
LBC	18	30.63	19.36	19.29	30.72	0.00	0.00
LBC	19	30.30	19.63	19.71	30.36	0.00	0.00
LBC	20	30.28	19.79	19.76	30.17	0.00	0.00
LBC	21	30.21	19.82	19.88	30.10	0.00	0.00
LBC	22	30.20	19.75	19.90	30.15	0.00	0.00
LBC	23	30.08	19.86	19.87	30.18	0.00	0.00
LBC	24	30.28	19.66	19.81	30.25	0.00	0.00
LBC	25	30.16	19.83	19.94	30.07	0.00	0.00
LBC	26	30.31	19.76	19.77	30.16	0.00	0.00
LBC	27	30.25	19.71	19.76	30.28	0.00	0.00
LBC	28	30.29	19.77	19.74	30.20	0.00	0.00
LBC	29	30.19	19.73	19.83	30.25	0.00	0.00
LBC	30	30.35	19.63	19.76	30.26	0.00	0.00
LBC	31	30.24	19.81	19.84	30.12	0.01	0.00
LBC	32	30.16	19.73	19.92	30.19	0.00	0.00
LBC	33	30.32	19.72	19.81	30.16	0.00	0.00
LBC	34	30.29	19.71	19.76	30.23	0.00	0.00
LBC	35	30.29	19.78	19.76	30.18	0.00	0.00
LBC	36	30.44	19.59	19.70	30.27	0.00	0.00
LBC	37	30.37	19.67	19.75	30.21	0.00	0.00
LBC	38	30.39	19.65	19.76	30.20	0.00	0.00
LBC	39	30.35	19.73	19.75	30.17	0.00	0.00
LBC	40	30.42	19.62	19.71	30.26	0.00	0.00
LBC	41	30.32	19.70	19.74	30.24	0.00	0.00
LBC	42	30.47	19.66	19.63	30.24	0.00	0.00
LBC	43	30.33	19.68	19.75	30.24	0.00	0.00
LBC	44	30.48	19.64	19.65	30.23	0.00	0.00
LBC	45	30.40	19.66	19.69	30.25	0.00	0.00
LBC	46	30.36	19.58	19.70	30.36	0.00	0.00
LBC	47	30.39	19.64	19.71	30.26	0.00	0.00
LBC	48	30.46	19.55	19.55	30.43	0.00	0.00
LBC	49	30.41	19.62	19.62	30.35	0.00	0.00
LBC	50	30.51	19.43	19.69	30.37	0.00	0.00
LBC	51	30.51	19.50	19.56	30.43	0.00	0.00
LBC	52	30.44	19.60	19.62	30.35	0.00	0.00
LBC	53	30.51	19.54	19.66	30.29	0.00	0.00
LBC	54	30.59	19.46	19.53	30.41	0.00	0.00
LBC	55	30.47	19.50	19.59	30.44	0.00	0.00
LBC	56	30.47	19.41	19.59	30.53	0.00	0.00
LBC	57	30.54	19.38	19.54	30.54	0.00	0.00
LBC	58	30.46	19.54	19.64	30.36	0.00	0.00
LBC	59	30.48	19.53	19.65	30.35	0.00	0.00
LBC	60	30.44	19.59	19.51	30.46	0.00	0.00
LBC	61	30.56	19.52	19.57	30.35	0.00	0.00
LBC	62	30.55	19.54	19.55	30.36	0.00	0.00
LBC	63	30.63	19.47	19.48	30.42	0.00	0.00
LBC	64	30.60	19.39	19.47	30.54	0.00	0.00
LBC	65	30.60	19.41	19.50	30.48	0.00	0.00
LBC	66	30.62	19.32	19.44	30.62	0.00	0.00
LBC	67	30.58	19.43	19.43	30.57	0.00	0.00
LBC	68	30.55	19.36	19.50	30.60	0.00	0.00
LBC	69	30.53	19.45	19.60	30.42	0.00	0.00
LBC	70	30.56	19.41	19.49	30.53	0.00	0.00
LBC	71	30.58	19.41	19.44	30.58	0.00	0.00
LBC	72	30.59	19.38	19.45	30.58	0.00	0.00
LBC	73	30.56	19.42	19.51	30.51	0.00	0.00
LBC	74	30.58	19.50	19.42	30.50	0.00	0.00
LBC	75	30.67	19.36	19.35	30.61	0.00	0.00
LBC	76	30.73	19.37	19.24	30.66	0.00	0.00
LBC	77	30.73	19.33	19.37	30.57	0.00	0.00
LBC	78	30.80	19.24	19.33	30.63	0.00	0.00
LBC	79	30.67	19.39	19.36	30.58	0.00	0.00
LBC	80	30.46	19.40	19.54	30.60	0.00	0.00
LBC	81	30.68	19.32	19.32	30.69	0.00	0.00
LBC	82	30.57	19.34	19.51	30.58	0.00	0.00
LBC	83	30.72	19.35	19.35	30.58	0.00	0.00
LBC	84	30.62	19.31	19.35	30.72	0.00	0.00
LBC	85	30.74	19.28	19.37	30.61	0.00	0.00
LBC	86	30.65	19.28	19.36	30.71	0.00	0.00
LBC	87	30.78	19.21	19.29	30.72	0.00	0.00
LBC	88	30.71	19.26	19.32	30.70	0.00	0.00
LBC	89	30.75	19.22	19.28	30.75	0.00	0.00
LBC	90	30.78	19.17	19.25	30.80	0.00	0.00
LBC	91	30.79	19.27	19.30	30.63	0.00	0.00
LBC	92	30.75	19.20	19.36	30.69	0.00	0.00
LBC	93	30.83	19.24	19.32	30.61	0.00	0.00
LBC	94	30.73	19.13	19.29	30.84	0.00	0.00
LBC	95	30.80	19.16	19.26	30.77	0.00	0.00
LBC	96	30.78	19.17	19.22	30.83	0.00	0.00
LBC	97	30.86	19.12	19.24	30.78	0.00	0.00
LBC	98	30.88	19.16	19.32	30.65	0.00	0.00
LBC	99	30.97	19.11	19.19	30.74	0.00	0.00
LBC	100	30.74	19.20	19.29	30.78	0.00	0.00
LBC	101	30.73	19.18	19.37	30.72	0.00	0.00
LBC	102	30.73	19.20	19.23	30.84	0.00	0.00
LBC	103	30.70	19.23	19.33	30.74	0.00	0.00
LBC	104	30.85	19.15	19.22	30.78	0.00	0.00
LBC	105	30.88	19.06	19.27	30.79	0.00	0.00
LBC	106	30.73	19.11	19.23	30.93	0.00	0.00
LBC	107	30.75	19.14	19.27	30.84	0.00	0.00
LBC	108	30.98	19.07	19.09	30.86	0.00	0.00
LBC	109	30.82	19.14	19.33	30.71	0.00	0.00
LBC	110	30.90	19.16	19.16	30.78	0.00	0.00
LBC	111	30.96	19.00	19.10	30.94	0.00	0.00
LBC	112	30.92	19.19	19.24	30.65	0.00	0.00
LBC	113	30.99	19.09	19.22	30.69	0.00	0.00
LBC	114	30.93	19.11	19.20	30.76	0.00	0.00
LBC	115	30.81	19.14	19.14	30.92	0.00	0.00
LBC	116	30.89	18.99	19.26	30.86	0.00	0.00
LBC	117	30.90	19.03	19.11	30.96	0.00	0.00
LBC	118	30.98	19.02	19.11	30.89	0.00	0.00
LBC	119	30.81	19.12	19.17	30.89	0.00	0.00
LBC	120	30.83	19.06	19.20	30.91	0.00	0.00
LBC	121	30.86	19.17	19.19	30.78	0.00	0.00
LBC	122	30.86	19.14	19.19	30.81	0.00	0.00
LBC	123	30.95	19.06	19.10	30.89	0.00	0.00
LBC	124	30.93	19.08	19.09	30.90	0.00	0.00
LBC	125	30.89	19.09	19.16	30.86	0.00	0.00
LBC	126	30.96	19.04	19.09	30.91	0.00	0.00
LBC	127	30.92	19.08	19.12	30.88	0.00	0.00
LBC	128	30.96	19.04	19.20	30.79	0.00	0.00
LBC	129	30.98	18.96	19.05	31.01	0.00	0.00
LBC	130	30.92	19.03	19.06	30.99	0.00	0.00
LBC	131	30.88	19.04	19.17	30.90	0.00	0.00
LBC	132	30.93	18.98	19.08	31.01	0.00	0.00
LBC	133	31.04	18.95	19.15	30.86	0.00	0.00
LBC	134	30.98	19.01	19.04	30.97	0.00	0.00
LBC	135	30.98	19.00	19.04	30.98	0.00	0.00
LBC	136	30.70	19.23	19.15	30.92	0.00	0.00
LBC	137	30.92	19.11	19.13	30.84	0.00	0.00
LBC	138	30.73	19.23	19.31	30.73	0.00	0.00
LBC	139	30.63	19.30	19.31	30.76	0.00	0.00
LBC	140	30.59	19.38	19.41	30.61	0.00	0.00
LBC	141	30.75	19.30	19.24	30.71	0.00	0.00
LBC	142	30.53	19.38	19.46	30.63	0.00	0.00
LBC	143	30.69	19.25	19.36	30.71	0.00	0.00
LBC	144	30.86	19.15	19.16	30.83	0.00	0.00
LBC	145	30.92	18.99	19.09	31.00	0.00	0.00
LBC	146	30.97	18.92	19.03	31.08	0.00	0.00
LBC	147	31.16	18.85	18.83	31.16	0.00	0.00
LBC	148	30.97	19.02	19.12	30.89	0.00	0.00
LBC	149	31.09	18.91	18.90	31.10	0.00	0.00
LBC	150	30.97	19.15	19.07	30.81	0.00	0.00
LBC	151	31.01	18.97	18.76	31.25	0.00	0.00
# ACGT raw counters for last fragments. Use `grep ^LTC | cut -f 2-` to extract this part. The columns are: A,C,G,T,N base counters
LTC	42574726	27270308	27352051	42515483	1721
# Insert sizes. Use `grep ^IS | cut -f 2-` to extract this part. The columns are: insert size, pairs total, inward oriented pairs, outward oriented pairs, other pairs
IS	0	19104	5583	4725	8796
IS	1	18	0	18	0
IS	2	12	0	12	0
IS	3	12	0	12	0
IS	4	14	0	14	0
IS	5	8	0	8	0
IS	6	19	0	19	0
IS	7	11	0	11	0
IS	8	7	0	7	0
IS	9	11	0	11	0
IS	10	22	0	22	0
IS	11	8	0	8	0
IS	12	10	0	10	0
IS	13	8	0	8	0
IS	14	14	0	14	0
IS	15	17	0	17	0
IS	16	7	0	7	0
IS	17	13	0	13	0
IS	18	9	0	9	0
IS	19	14	0	14	0
IS	20	13	0	13	0
IS	21	12	0	12	0
IS	22	10	0	10	0
IS	23	17	0	17	0
IS	24	12	0	12	0
IS	25	12	0	12	0
IS	26	15	0	15	0
IS	27	19	0	19	0
IS	28	15	0	15	0
IS	29	11	0	11	0
IS	30	22	0	22	0
IS	31	8	0	8	0
IS	32	19	0	19	0
IS	33	15	0	15	0
IS	34	17	0	17	0
IS	35	16	0	16	0
IS	36	304	144	160	0
IS	37	393	197	196	0
IS	38	431	187	244	0
IS	39	580	281	299	0
IS	40	567	240	327	0
IS	41	658	304	354	0
IS	42	678	327	351	0
IS	43	791	389	402	0
IS	44	859	409	450	0
IS	45	935	441	494	0
IS	46	1002	469	533	0
IS	47	1163	512	651	0
IS	48	1088	507	581	0
IS	49	1243	565	678	0
IS	50	1324	643	681	0
IS	51	1298	640	658	0
IS	52	1450	720	730	0
IS	53	1441	693	748	0
IS	54	1578	765	813	0
IS	55	1635	811	824	0
IS	56	1826	881	945	0
IS	57	1889	887	1002	0
IS	58	1850	907	943	0
IS	59	1938	943	995	0
IS	60	2069	1058	1011	0
IS	61	2013	1024	989	0
IS	62	2094	1007	1087	0
IS	63	2107	1040	1067	0
IS	64	2237	1121	1116	0
IS	65	2302	1167	1135	0
IS	66	2301	1170	1131	0
IS	67	2516	1298	1218	0
IS	68	2532	1226	1306	0
IS	69	2623	1304	1319	0
IS	70	2691	1353	1338	0
IS	71	2684	1386	1298	0
IS	72	2711	1339	1372	0
IS	73	2716	1361	1355	0
IS	74	2700	1377	1323	0
IS	75	2789	1412	1377	0
IS	76	2878	1474	1404	0
IS	77	2986	1502	1484	0
IS	78	3032	1551	1481	0
IS	79	3055	1518	1537	0
IS	80	3056	1605	1451	0
IS	81	3108	1586	1522	0
IS	82	3171	1626	1545	0
IS	83	3054	1550	1504	0
IS	84	3185	1579	1606	0
IS	85	3093	1584	1509	0
IS	86	3174	1591	1583	0
IS	87	3151	1539	1612	0
IS	88	3271	1660	1611	0
IS	89	3337	1722	1615	0
IS	90	3303	1672	1631	0
IS	91	3228	1600	1628	0
IS	92	3385	1771	1614	0
IS	93	3359	1676	1683	0
IS	94	3304	1742	1562	0
IS	95	3506	1731	1775	0
IS	96	3470	1724	1746	0
IS	97	3411	1677	1734	0
IS	98	3496	1771	1725	0
IS	99	3452	1776	1676	0
IS	100	3540	1825	1715	0
IS	101	3630	1833	1797	0
IS	102	3450	1770	1680	0
IS	103	3653	1898	1755	0
IS	104	3593	1852	1741	0
IS	105	3492	1802	1690	0
IS	106	3601	1835	1766	0
IS	107	3631	1876	1755	0
IS	108	3694	1919	1775	0
IS	109	3718	1915	1803	0
IS	110	3726	1925	1801	0
IS	111	3840	1973	1867	0
IS	112	3801	2024	1777	0
IS	113	3756	1918	1838	0
IS	114	3728	1909	1819	0
IS	115	3840	1995	1845	0
IS	116	3793	1973	1820	0
IS	117	3838	2024	1814	0
IS	118	3872	2064	1808	0
IS	119	3827	2009	1818	0
IS	120	3801	1982	1819	0
IS	121	3925	2037	1888	0
IS	122	3860	1980	1880	0
IS	123	3913	2024	1889	0
IS	124	3968	2121	1847	0
IS	125	3895	2020	1875	0
IS	126	3834	1997	1837	0
IS	127	4093	2155	1938	0
IS	128	4057	2149	1908	0
IS	129	4023	2055	1968	0
IS	130	3944	2013	1931	0
IS	131	4110	2189	1921	0
IS	132	4077	2133	1944	0
IS	133	4125	2145	1980	0
IS	134	3519	1766	1753	0
IS	135	336	267	69	0
IS	136	325	253	72	0
IS	137	366	264	102	0
IS	138	420	283	137	0
IS	139	476	274	202	0
IS	140	552	254	298	0
IS	141	631	276	355	0
IS	142	707	256	451	0
IS	143	875	271	604	0
IS	144	933	270	663	0
IS	145	1340	300	1040	0
IS	146	1602	298	1304	0
IS	147	2121	337	1784	0
IS	148	3156	405	2751	0
IS	149	4288	1097	3191	0
IS	150	20756	9659	11097	0
IS	151	46232	21822	24410	0
IS	152	4190	4189	1	0
IS	153	4185	4183	2	0
IS	154	4319	4318	1	0
IS	155	4374	4374	0	0
IS	156	4253	4251	2	0
IS	157	4512	4511	1	0
IS	158	4266	4262	4	0
IS	159	4405	4402	3	0
IS	160	4286	4282	4	0
IS	161	4396	4396	0	0
IS	162	4241	4239	2	0
IS	163	4270	4265	5	0
IS	164	4360	4355	5	0
IS	165	4367	4361	6	0
IS	166	4311	4310	1	0
IS	167	4405	4404	1	0
IS	168	4432	4429	3	0
IS	169	4413	4411	2	0
IS	170	4351	4348	3	0
IS	171	4362	4360	2	0
IS	172	4306	4302	4	0
IS	173	4359	4357	2	0
IS	174	4329	4327	2	0
IS	175	4393	4390	3	0
IS	176	4375	4371	4	0
IS	177	4308	4304	4	0
IS	178	4350	4346	4	0
IS	179	4318	4317	1	0
IS	180	4211	4210	1	0
IS	181	4177	4176	1	0
IS	182	4399	4398	1	0
IS	183	4328	4324	4	0
IS	184	4302	4301	1	0
IS	185	4284	4281	3	0
IS	186	4248	4245	3	0
IS	187	4177	4174	3	0
IS	188	4218	4217	1	0
IS	189	4366	4364	2	0
IS	190	4243	4240	3	0
IS	191	4240	4239	1	0
IS	192	4295	4294	1	0
IS	193	4315	4312	3	0
IS	194	4191	4189	2	0
IS	195	4336	4333	3	0
IS	196	4238	4231	7	0
IS	197	3998	3996	2	0
IS	198	4132	4127	5	0
IS	199	3992	3992	0	0
IS	200	4131	4131	0	0
IS	201	4186	4183	3	0
IS	202	4106	4106	0	0
IS	203	4092	4090	2	0
IS	204	4053	4052	1	0
IS	205	4099	4096	3	0
IS	206	3992	3992	0	0
IS	207	4075	4069	6	0
IS	208	3941	3939	2	0
IS	209	4023	4022	1	0
IS	210	4065	4060	5	0
IS	211	3778	3777	1	0
IS	212	3944	3940	4	0
IS	213	3844	3842	2	0
IS	214	3860	3860	0	0
IS	215	3913	3911	2	0
IS	216	3771	3769	2	0
IS	217	3838	3835	3	0
IS	218	3757	3756	1	0
IS	219	3786	3785	1	0
IS	220	3677	3676	1	0
IS	221	3714	3712	2	0
IS	222	3779	3777	2	0
IS	223	3639	3637	2	0
IS	224	3661	3658	3	0
IS	225	3451	3449	2	0
IS	226	3519	3515	4	0
IS	227	3544	3542	2	0
IS	228	3651	3647	4	0
IS	229	3536	3533	3	0
IS	230	3518	3514	4	0
IS	231	3482	3482	0	0
IS	232	3336	3334	2	0
IS	233	3270	3266	4	0
IS	234	3263	3263	0	0
IS	235	3396	3395	1	0
IS	236	3321	3321	0	0
IS	237	3211	3211	0	0
IS	238	3351	3348	3	0
IS	239	3292	3288	4	0
IS	240	3190	3189	1	0
IS	241	3246	3245	1	0
IS	242	3159	3156	3	0
IS	243	3187	3183	4	0
IS	244	3080	3079	1	0
IS	245	3109	3105	4	0
IS	246	3073	3073	0	0
IS	247	3073	3068	5	0
IS	248	2928	2927	1	0
IS	249	2779	2778	1	0
IS	250	2904	2902	2	0
IS	251	2871	2870	1	0
IS	252	2832	2830	2	0
IS	253	2740	2735	5	0
IS	254	2768	2763	5	0
IS	255	2809	2808	1	0
IS	256	2768	2765	3	0
IS	257	2660	2660	0	0
IS	258	2718	2718	0	0
IS	259	2772	2767	5	0
IS	260	2671	2668	3	0
IS	261	2541	2540	1	0
IS	262	2620	2619	1	0
IS	263	2452	2451	1	0
IS	264	2603	2602	1	0
IS	265	2450	2446	4	0
IS	266	2485	2483	2	0
IS	267	2390	2388	2	0
IS	268	2282	2280	2	0
IS	269	2364	2363	1	0
IS	270	2487	2486	1	0
IS	271	2355	2352	3	0
IS	272	2234	2234	0	0
IS	273	2252	2250	2	0
IS	274	2200	2200	0	0
IS	275	2167	2163	4	0
IS	276	2235	2231	4	0
IS	277	2155	2150	5	0
IS	278	2150	2148	2	0
IS	279	2116	2115	1	0
IS	280	2068	2068	0	0
IS	281	2051	2050	1	0
IS	282	2010	2007	3	0
IS	283	1976	1972	4	0
IS	284	1924	1922	2	0
IS	285	1914	1913	1	0
IS	286	1925	1925	0	0
IS	287	1818	1817	1	0
IS	288	1866	1865	1	0
IS	289	1839	1837	2	0
IS	290	1763	1762	1	0
IS	291	1701	1701	0	0
IS	292	1733	1730	3	0
IS	293	1625	1624	1	0
IS	294	1697	1696	1	0
IS	295	1631	1630	1	0
IS	296	1615	1614	1	0
IS	297	1666	1665	1	0
IS	298	1618	1616	2	0
IS	299	1504	1501	3	0
IS	300	1550	1546	4	0
IS	301	1474	1472	2	0
IS	302	1413	1412	1	0
IS	303	1400	1398	2	0
IS	304	1444	1444	0	0
IS	305	1434	1434	0	0
IS	306	1388	1387	1	0
IS	307	1418	1417	1	0
IS	308	1276	1275	1	0
IS	309	1342	1342	0	0
IS	310	1313	1313	0	0
IS	311	1302	1299	3	0
IS	312	1220	1218	2	0
IS	313	1266	1265	1	0
IS	314	1213	1210	3	0
IS	315	1255	1250	5	0
IS	316	1200	1196	4	0
IS	317	1145	1142	3	0
IS	318	1121	1121	0	0
IS	319	1122	1122	0	0
IS	320	1116	1114	2	0
IS	321	1099	1094	5	0
IS	322	1033	1032	1	0
IS	323	1075	1072	3	0
IS	324	1037	1035	2	0
IS	325	978	974	4	0
IS	326	957	956	1	0
IS	327	1006	1004	2	0
IS	328	957	956	1	0
IS	329	942	941	1	0
IS	330	966	964	2	0
IS	331	877	876	1	0
IS	332	874	872	2	0
IS	333	838	835	3	0
IS	334	875	873	2	0
IS	335	833	833	0	0
IS	336	803	803	0	0
IS	337	826	824	2	0
IS	338	820	820	0	0
IS	339	740	740	0	0
IS	340	795	792	3	0
IS	341	745	741	4	0
IS	342	693	690	3	0
IS	343	763	760	3	0
IS	344	735	734	1	0
IS	345	719	718	1	0
IS	346	701	699	2	0
IS	347	693	689	4	0
IS	348	626	624	2	0
IS	349	594	590	4	0
IS	350	661	658	3	0
IS	351	647	645	2	0
IS	352	635	633	2	0
IS	353	610	608	2	0
IS	354	600	599	1	0
IS	355	571	569	2	0
IS	356	535	530	5	0
IS	357	505	505	0	0
IS	358	574	572	2	0
IS	359	540	538	2	0
IS	360	576	576	0	0
IS	361	512	510	2	0
IS	362	494	494	0	0
IS	363	558	555	3	0
IS	364	498	496	2	0
IS	365	491	489	2	0
IS	366	452	451	1	0
IS	367	471	470	1	0
IS	368	473	471	2	0
IS	369	440	438	2	0
IS	370	426	423	3	0
IS	371	430	428	2	0
IS	372	410	408	2	0
IS	373	414	413	1	0
IS	374	381	380	1	0
IS	375	373	370	3	0
IS	376	360	359	1	0
IS	377	365	365	0	0
IS	378	370	370	0	0
IS	379	340	339	1	0
IS	380	373	373	0	0
IS	381	337	336	1	0
IS	382	326	325	1	0
IS	383	295	294	1	0
IS	384	330	330	0	0
IS	385	315	315	0	0
IS	386	310	310	0	0
IS	387	299	298	1	0
IS	388	293	292	1	0
IS	389	309	305	4	0
IS	390	320	318	2	0
IS	391	266	265	1	0
IS	392	282	282	0	0
IS	393	238	237	1	0
IS	394	250	250	0	0
IS	395	237	236	1	0
IS	396	268	267	1	0
IS	397	253	251	2	0
IS	398	235	233	2	0
IS	399	226	223	3	0
IS	400	227	226	1	0
IS	401	231	229	2	0
IS	402	226	226	0	0
IS	403	231	230	1	0
IS	404	220	219	1	0
IS	405	210	208	2	0
IS	406	195	192	3	0
IS	407	195	194	1	0
IS	408	191	191	0	0
IS	409	175	174	1	0
IS	410	184	183	1	0
IS	411	189	186	3	0
IS	412	173	172	1	0
IS	413	163	161	2	0
IS	414	154	152	2	0
IS	415	180	177	3	0
# Read lengths. Use `grep ^RL | cut -f 2-` to extract this part. The columns are: read length, count
RL	36	1933
RL	37	2131
RL	38	2175
RL	39	2532
RL	40	2526
RL	41	2688
RL	42	2765
RL	43	2896
RL	44	3050
RL	45	3332
RL	46	3427
RL	47	3773
RL	48	3653
RL	49	3970
RL	50	4111
RL	51	4164
RL	52	4388
RL	53	4356
RL	54	4662
RL	55	4705
RL	56	5158
RL	57	5325
RL	58	5282
RL	59	5374
RL	60	5671
RL	61	5538
RL	62	5680
RL	63	5702
RL	64	6007
RL	65	6159
RL	66	6065
RL	67	6517
RL	68	6504
RL	69	6729
RL	70	6800
RL	71	6901
RL	72	6824
RL	73	6901
RL	74	6944
RL	75	7102
RL	76	7148
RL	77	7537
RL	78	7531
RL	79	7593
RL	80	7563
RL	81	7671
RL	82	7754
RL	83	7566
RL	84	7830
RL	85	7640
RL	86	7781
RL	87	7801
RL	88	7945
RL	89	8059
RL	90	8018
RL	91	7875
RL	92	8175
RL	93	8145
RL	94	8068
RL	95	8540
RL	96	8355
RL	97	8387
RL	98	8586
RL	99	8496
RL	100	8543
RL	101	8851
RL	102	8461
RL	103	8862
RL	104	8658
RL	105	8632
RL	106	8758
RL	107	8846
RL	108	8872
RL	109	8954
RL	110	9069
RL	111	9183
RL	112	9103
RL	113	9100
RL	114	9100
RL	115	9252
RL	116	9005
RL	117	9304
RL	118	9195
RL	119	9114
RL	120	9179
RL	121	9282
RL	122	9117
RL	123	9315
RL	124	9386
RL	125	9241
RL	126	9050
RL	127	9618
RL	128	9455
RL	129	9453
RL	130	9254
RL	131	9579
RL	132	9434
RL	133	9518
RL	134	7995
RL	135	1611
RL	136	1645
RL	137	1599
RL	138	1656
RL	139	1566
RL	140	1668
RL	141	1570
RL	142	1580
RL	143	1659
RL	144	1689
RL	145	1637
RL	146	1759
RL	147	2464
RL	148	7613
RL	149	35367
RL	150	343624
RL	151	1031025
# Read lengths - first fragments. Use `grep ^FRL | cut -f 2-` to extract this part. The columns are: read length, count
FRL	36	705
FRL	37	838
FRL	38	844
FRL	39	1027
FRL	40	1018
FRL	41	1126
FRL	42	1161
FRL	43	1210
FRL	44	1281
FRL	45	1500
FRL	46	1544
FRL	47	1686
FRL	48	1630
FRL	49	1786
FRL	50	1881
FRL	51	1888
FRL	52	2022
FRL	53	1965
FRL	54	2131
FRL	55	2145
FRL	56	2400
FRL	57	2460
FRL	58	2474
FRL	59	2499
FRL	60	2628
FRL	61	2585
FRL	62	2698
FRL	63	2688
FRL	64	2804
FRL	65	2897
FRL	66	2898
FRL	67	3068
FRL	68	3109
FRL	69	3221
FRL	70	3262
FRL	71	3300
FRL	72	3239
FRL	73	3291
FRL	74	3335
FRL	75	3371
FRL	76	3399
FRL	77	3609
FRL	78	3611
FRL	79	3640
FRL	80	3623
FRL	81	3687
FRL	82	3715
FRL	83	3593
FRL	84	3747
FRL	85	3656
FRL	86	3735
FRL	87	3678
FRL	88	3835
FRL	89	3873
FRL	90	3817
FRL	91	3770
FRL	92	3897
FRL	93	3926
FRL	94	3832
FRL	95	4057
FRL	96	4011
FRL	97	3981
FRL	98	4083
FRL	99	3986
FRL	100	3997
FRL	101	4183
FRL	102	3969
FRL	103	4195
FRL	104	4099
FRL	105	4120
FRL	106	4162
FRL	107	4202
FRL	108	4222
FRL	109	4296
FRL	110	4299
FRL	111	4372
FRL	112	4332
FRL	113	4397
FRL	114	4363
FRL	115	4466
FRL	116	4312
FRL	117	4559
FRL	118	4440
FRL	119	4433
FRL	120	4433
FRL	121	4521
FRL	122	4452
FRL	123	4502
FRL	124	4573
FRL	125	4476
FRL	126	4429
FRL	127	4696
FRL	128	4610
FRL	129	4558
FRL	130	4511
FRL	131	4696
FRL	132	4604
FRL	133	4719
FRL	134	4106
FRL	135	596
FRL	136	603
FRL	137	544
FRL	138	570
FRL	139	548
FRL	140	656
FRL	141	605
FRL	142	535
FRL	143	617
FRL	144	641
FRL	145	563
FRL	146	637
FRL	147	883
FRL	148	2680
FRL	149	13468
FRL	150	155513
FRL	151	557638
# Read lengths - last fragments. Use `grep ^LRL | cut -f 2-` to extract this part. The columns are: read length, count
LRL	36	1228
LRL	37	1293
LRL	38	1331
LRL	39	1505
LRL	40	1508
LRL	41	1562
LRL	42	1604
LRL	43	1686
LRL	44	1769
LRL	45	1832
LRL	46	1883
LRL	47	2087
LRL	48	2023
LRL	49	2184
LRL	50	2230
LRL	51	2276
LRL	52	2366
LRL	53	2391
LRL	54	2531
LRL	55	2560
LRL	56	2758
LRL	57	2865
LRL	58	2808
LRL	59	2875
LRL	60	3043
LRL	61	2953
LRL	62	2982
LRL	63	3014
LRL	64	3203
LRL	65	3262
LRL	66	3167
LRL	67	3449
LRL	68	3395
LRL	69	3508
LRL	70	3538
LRL	71	3601
LRL	72	3585
LRL	73	3610
LRL	74	3609
LRL	75	3731
LRL	76	3749
LRL	77	3928
LRL	78	3920
LRL	79	3953
LRL	80	3940
LRL	81	3984
LRL	82	4039
LRL	83	3973
LRL	84	4083
LRL	85	3984
LRL	86	4046
LRL	87	4123
LRL	88	4110
LRL	89	4186
LRL	90	4201
LRL	91	4105
LRL	92	4278
LRL	93	4219
LRL	94	4236
LRL	95	4483
LRL	96	4344
LRL	97	4406
LRL	98	4503
LRL	99	4510
LRL	100	4546
LRL	101	4668
LRL	102	4492
LRL	103	4667
LRL	104	4559
LRL	105	4512
LRL	106	4596
LRL	107	4644
LRL	108	4650
LRL	109	4658
LRL	110	4770
LRL	111	4811
LRL	112	4771
LRL	113	4703
LRL	114	4737
LRL	115	4786
LRL	116	4693
LRL	117	4745
LRL	118	4755
LRL	119	4681
LRL	120	4746
LRL	121	4761
LRL	122	4665
LRL	123	4813
LRL	124	4813
LRL	125	4765
LRL	126	4621
LRL	127	4922
LRL	128	4845
LRL	129	4895
LRL	130	4743
LRL	131	4883
LRL	132	4830
LRL	133	4799
LRL	134	3889
LRL	135	1015
LRL	136	1042
LRL	137	1055
LRL	138	1086
LRL	139	1018
LRL	140	1012
LRL	141	965
LRL	142	1045
LRL	143	1042
LRL	144	1048
LRL	145	1074
LRL	146	1122
LRL	147	1581
LRL	148	4933
LRL	149	21899
LRL	150	188111
LRL	151	473387
# Mapping qualities for reads !(UNMAP|SECOND|SUPPL|QCFAIL|DUP). Use `grep ^MAPQ | cut -f 2-` to extract this part. The columns are: mapq, count
MAPQ	0	368348
MAPQ	1	145625
MAPQ	2	282518
MAPQ	3	153238
MAPQ	4	94528
MAPQ	5	64190
MAPQ	6	47718
MAPQ	7	35205
MAPQ	8	28139
MAPQ	9	22216
MAPQ	10	18324
MAPQ	11	14244
MAPQ	12	13260
MAPQ	13	10587
MAPQ	14	9817
MAPQ	15	8990
MAPQ	16	7308
MAPQ	17	7045
MAPQ	18	6705
MAPQ	19	5966
MAPQ	20	5957
MAPQ	21	4934
MAPQ	22	5071
MAPQ	23	4843
MAPQ	24	4542
MAPQ	25	4118
MAPQ	26	4273
MAPQ	27	3874
MAPQ	28	3904
MAPQ	29	3447
MAPQ	30	3741
MAPQ	31	2919
MAPQ	32	3209
MAPQ	33	2987
MAPQ	34	2863
MAPQ	35	2720
MAPQ	36	2716
MAPQ	37	2299
MAPQ	38	2331
MAPQ	39	2173
MAPQ	40	2219
MAPQ	41	1818
MAPQ	42	1794
MAPQ	43	1620
MAPQ	44	1453
MAPQ	45	1344
MAPQ	46	1168
MAPQ	47	1057
MAPQ	48	870
MAPQ	49	582
MAPQ	50	286
MAPQ	51	26
MAPQ	52	6
MAPQ	53	7
MAPQ	54	2
MAPQ	55	1
MAPQ	60	639067
# Indel distribution. Use `grep ^ID | cut -f 2-` to extract this part. The columns are: length, number of insertions, number of deletions
ID	1	535032	579573
ID	2	85193	105319
ID	3	28795	37618
ID	4	12724	16844
ID	5	6428	8772
ID	6	3521	5276
ID	7	1574	2727
ID	8	912	1514
ID	9	432	899
ID	10	268	551
ID	11	117	229
ID	12	77	134
ID	13	12	28
ID	14	0	1
ID	16	0	1
# Indels per cycle. Use `grep ^IC | cut -f 2-` to extract this part. The columns are: cycle, number of insertions (fwd), .. (rev) , number of deletions (fwd), .. (rev)
IC	3	0	0	1287	1286
IC	4	774	763	1270	1284
IC	5	938	971	1593	1607
IC	6	1298	1280	1568	1645
IC	7	1378	1384	1744	1570
IC	8	1492	1445	1787	1790
IC	9	1619	1704	1889	1971
IC	10	1720	1733	1921	1964
IC	11	1845	1793	2055	2101
IC	12	1834	1882	2031	2142
IC	13	1862	2007	2139	2272
IC	14	2036	2109	2311	2281
IC	15	2156	2157	2519	2452
IC	16	2183	2159	2398	2478
IC	17	2189	2205	2451	2579
IC	18	2242	2319	2537	2613
IC	19	2287	2346	2543	2629
IC	20	2371	2455	2725	2753
IC	21	2610	2529	2646	2770
IC	22	2474	2555	2744	2797
IC	23	2519	2664	2819	2945
IC	24	2492	2651	2804	2959
IC	25	2571	2575	2932	3006
IC	26	2546	2659	3005	3079
IC	27	2705	2742	2990	2977
IC	28	2685	2780	3089	3097
IC	29	2919	2783	3051	3069
IC	30	2709	2795	3081	3115
IC	31	2810	2756	3089	3215
IC	32	2763	2795	3123	3286
IC	33	2768	2806	3292	3272
IC	34	2957	2901	3211	3214
IC	35	2910	2820	3217	3206
IC	36	2918	2870	3220	3241
IC	37	2863	2764	3101	3218
IC	38	2919	2729	3203	3310
IC	39	2942	2982	3250	3338
IC	40	3017	2953	3232	3224
IC	41	2871	2970	3339	3196
IC	42	2860	2871	3235	3242
IC	43	2945	2905	3330	3268
IC	44	2973	2814	3218	3209
IC	45	2949	2968	3273	3240
IC	46	2898	2843	3176	3224
IC	47	2918	2995	3271	3264
IC	48	2881	2907	3252	3223
IC	49	3004	2982	3293	3251
IC	50	2903	2927	3283	3182
IC	51	2899	2835	3254	3200
IC	52	3127	2932	3348	3198
IC	53	2984	2782	3268	3296
IC	54	2971	2971	3245	3235
IC	55	3064	2860	3205	3197
IC	56	3001	2831	3352	3197
IC	57	2839	2810	3257	3261
IC	58	2927	2843	3199	3256
IC	59	2954	2972	3315	3236
IC	60	3020	2860	3267	3143
IC	61	2883	2825	3208	3153
IC	62	2992	2854	3337	3149
IC	63	2803	2827	3117	3109
IC	64	2905	2856	3266	3099
IC	65	2865	2850	3311	3139
IC	66	2784	2852	3162	3206
IC	67	2866	2827	3096	3145
IC	68	2762	2743	3104	3083
IC	69	2807	2810	3128	3142
IC	70	2877	2755	3127	2984
IC	71	2846	2693	3105	3043
IC	72	2842	2807	3100	3113
IC	73	2844	2751	3110	3058
IC	74	2856	2799	3145	3096
IC	75	2832	2729	3162	3041
IC	76	2831	2644	3216	3027
IC	77	2735	2753	3144	2971
IC	78	2833	2697	3167	3003
IC	79	2778	2773	3160	3014
IC	80	2677	2775	3109	2940
IC	81	2677	2669	3018	3091
IC	82	2737	2684	3044	2941
IC	83	2639	2588	3044	2879
IC	84	2697	2680	3006	2951
IC	85	2677	2616	3002	2922
IC	86	2607	2525	2951	2909
IC	87	2685	2489	3008	2909
IC	88	2618	2527	2966	2806
IC	89	2571	2515	2897	2864
IC	90	2577	2500	2919	2847
IC	91	2584	2579	2863	2799
IC	92	2441	2432	2926	2797
IC	93	2537	2434	2880	2811
IC	94	2523	2425	2725	2759
IC	95	2534	2412	2773	2793
IC	96	2403	2386	2803	2823
IC	97	2483	2327	2841	2750
IC	98	2411	2360	2698	2610
IC	99	2420	2324	2744	2636
IC	100	2398	2295	2836	2576
IC	101	2438	2363	2634	2597
IC	102	2300	2320	2707	2524
IC	103	2346	2216	2681	2623
IC	104	2367	2317	2680	2602
IC	105	2360	2253	2544	2447
IC	106	2410	2151	2560	2416
IC	107	2249	2158	2525	2482
IC	108	2284	2159	2539	2420
IC	109	2220	2172	2453	2541
IC	110	2228	2104	2586	2431
IC	111	2206	2056	2434	2346
IC	112	2176	2129	2504	2372
IC	113	2269	2026	2424	2375
IC	114	2142	2074	2492	2279
IC	115	2170	2002	2473	2293
IC	116	2172	2035	2427	2238
IC	117	2142	1922	2212	2220
IC	118	2024	1965	2277	2214
IC	119	2077	1959	2237	2208
IC	120	2067	1851	2222	2173
IC	121	1987	1840	2199	2270
IC	122	1970	1869	2166	2192
IC	123	1969	1796	2133	2063
IC	124	1946	1819	2130	2105
IC	125	1926	1762	2154	1962
IC	126	1815	1712	2037	1960
IC	127	1824	1742	1980	1891
IC	128	1744	1669	2038	1895
IC	129	1758	1618	1935	1848
IC	130	1644	1586	1968	1788
IC	131	1682	1569	1841	1713
IC	132	1632	1520	1864	1717
IC	133	1658	1549	1710	1694
IC	134	1551	1513	1775	1656
IC	135	1571	1579	1818	1754
IC	136	1696	1609	1749	1671
IC	137	1689	1532	1708	1686
IC	138	1675	1637	1706	1598
IC	139	1636	1582	1721	1607
IC	140	1686	1582	1613	1489
IC	141	1599	1558	1596	1462
IC	142	1571	1423	1535	1426
IC	143	1395	1398	1415	1400
IC	144	1308	1284	1384	1323
IC	145	1227	1206	1319	1289
IC	146	1039	1081	1244	1197
IC	147	883	772	1140	1017
IC	148	573	513	934	863
# Coverage distribution. Use `grep ^COV | cut -f 2-` to extract this part.
COV	[1-1]	1	55137395
COV	[2-2]	2	45913301
COV	[3-3]	3	9590460
COV	[4-4]	4	7690288
COV	[5-5]	5	2186806
COV	[6-6]	6	1436252
COV	[7-7]	7	593394
COV	[8-8]	8	400044
COV	[9-9]	9	225418
COV	[10-10]	10	166255
COV	[11-11]	11	120563
COV	[12-12]	12	93441
COV	[13-13]	13	73644
COV	[14-14]	14	59655
COV	[15-15]	15	46888
COV	[16-16]	16	39195
COV	[17-17]	17	33429
COV	[18-18]	18	29245
COV	[19-19]	19	24903
COV	[20-20]	20	21531
COV	[21-21]	21	19389
COV	[22-22]	22	16734
COV	[23-23]	23	14498
COV	[24-24]	24	12889
COV	[25-25]	25	12269
COV	[26-26]	26	11361
COV	[27-27]	27	9785
COV	[28-28]	28	9383
COV	[29-29]	29	9197
COV	[30-30]	30	8428
COV	[31-31]	31	7564
COV	[32-32]	32	7464
COV	[33-33]	33	6961
COV	[34-34]	34	6797
COV	[35-35]	35	6253
COV	[36-36]	36	5983
COV	[37-37]	37	5688
COV	[38-38]	38	5310
COV	[39-39]	39	5191
COV	[40-40]	40	5124
COV	[41-41]	41	4679
COV	[42-42]	42	4576
COV	[43-43]	43	4458
COV	[44-44]	44	4335
COV	[45-45]	45	4305
COV	[46-46]	46	4327
COV	[47-47]	47	4153
COV	[48-48]	48	4050
COV	[49-49]	49	3873
COV	[50-50]	50	3780
COV	[51-51]	51	3302
COV	[52-52]	52	3490
COV	[53-53]	53	3161
COV	[54-54]	54	2975
COV	[55-55]	55	2616
COV	[56-56]	56	2763
COV	[57-57]	57	2802
COV	[58-58]	58	2722
COV	[59-59]	59	2400
COV	[60-60]	60	2358
COV	[61-61]	61	2408
COV	[62-62]	62	2103
COV	[63-63]	63	2301
COV	[64-64]	64	1872
COV	[65-65]	65	1945
COV	[66-66]	66	1823
COV	[67-67]	67	1640
COV	[68-68]	68	1595
COV	[69-69]	69	1548
COV	[70-70]	70	1641
COV	[71-71]	71	1462
COV	[72-72]	72	1409
COV	[73-73]	73	1307
COV	[74-74]	74	1277
COV	[75-75]	75	1141
COV	[76-76]	76	1168
COV	[77-77]	77	1031
COV	[78-78]	78	1103
COV	[79-79]	79	1022
COV	[80-80]	80	997
COV	[81-81]	81	946
COV	[82-82]	82	891
COV	[83-83]	83	889
COV	[84-84]	84	781
COV	[85-85]	85	696
COV	[86-86]	86	698
COV	[87-87]	87	730
COV	[88-88]	88	633
COV	[89-89]	89	702
COV	[90-90]	90	620
COV	[91-91]	91	586
COV	[92-92]	92	664
COV	[93-93]	93	639
COV	[94-94]	94	648
COV	[95-95]	95	591
COV	[96-96]	96	695
COV	[97-97]	97	596
COV	[98-98]	98	652
COV	[99-99]	99	556
COV	[100-100]	100	517
COV	[101-101]	101	544
COV	[102-102]	102	588
COV	[103-103]	103	458
COV	[104-104]	104	461
COV	[105-105]	105	439
COV	[106-106]	106	439
COV	[107-107]	107	456
COV	[108-108]	108	447
COV	[109-109]	109	485
COV	[110-110]	110	443
COV	[111-111]	111	428
COV	[112-112]	112	405
COV	[113-113]	113	429
COV	[114-114]	114	422
COV	[115-115]	115	426
COV	[116-116]	116	434
COV	[117-117]	117	393
COV	[118-118]	118	348
COV	[119-119]	119	425
COV	[120-120]	120	356
COV	[121-121]	121	415
COV	[122-122]	122	389
COV	[123-123]	123	406
COV	[124-124]	124	420
COV	[125-125]	125	365
COV	[126-126]	126	434
COV	[127-127]	127	363
COV	[128-128]	128	397
COV	[129-129]	129	342
COV	[130-130]	130	387
COV	[131-131]	131	332
COV	[132-132]	132	294
COV	[133-133]	133	280
COV	[134-134]	134	316
COV	[135-135]	135	314
COV	[136-136]	136	309
COV	[137-137]	137	297
COV	[138-138]	138	315
COV	[139-139]	139	272
COV	[140-140]	140	256
COV	[141-141]	141	246
COV	[142-142]	142	239
COV	[143-143]	143	234
COV	[144-144]	144	222
COV	[145-145]	145	246
COV	[146-146]	146	195
COV	[147-147]	147	189
COV	[148-148]	148	225
COV	[149-149]	149	186
COV	[150-150]	150	200
COV	[151-151]	151	160
COV	[152-152]	152	121
COV	[153-153]	153	154
COV	[154-154]	154	143
COV	[155-155]	155	169
COV	[156-156]	156	153
COV	[157-157]	157	179
COV	[158-158]	158	158
COV	[159-159]	159	196
COV	[160-160]	160	151
COV	[161-161]	161	120
COV	[162-162]	162	165
COV	[163-163]	163	131
COV	[164-164]	164	164
COV	[165-165]	165	116
COV	[166-166]	166	79
COV	[167-167]	167	86
COV	[168-168]	168	116
COV	[169-169]	169	94
COV	[170-170]	170	108
COV	[171-171]	171	121
COV	[172-172]	172	106
COV	[173-173]	173	90
COV	[174-174]	174	100
COV	[175-175]	175	70
COV	[176-176]	176	75
COV	[177-177]	177	67
COV	[178-178]	178	67
COV	[179-179]	179	104
COV	[180-180]	180	82
COV	[181-181]	181	75
COV	[182-182]	182	66
COV	[183-183]	183	82
COV	[184-184]	184	57
COV	[185-185]	185	53
COV	[186-186]	186	38
COV	[187-187]	187	50
COV	[188-188]	188	46
COV	[189-189]	189	44
COV	[190-190]	190	31
COV	[191-191]	191	42
COV	[192-192]	192	42
COV	[193-193]	193	36
COV	[194-194]	194	33
COV	[195-195]	195	42
COV	[196-196]	196	47
COV	[197-197]	197	36
COV	[198-198]	198	41
COV	[199-199]	199	28
COV	[200-200]	200	40
COV	[201-201]	201	34
COV	[202-202]	202	35
COV	[203-203]	203	24
COV	[204-204]	204	43
COV	[205-205]	205	21
COV	[206-206]	206	24
COV	[207-207]	207	33
COV	[208-208]	208	39
COV	[209-209]	209	27
COV	[210-210]	210	32
COV	[211-211]	211	19
COV	[212-212]	212	31
COV	[213-213]	213	18
COV	[214-214]	214	36
COV	[215-215]	215	21
COV	[216-216]	216	23
COV	[217-217]	217	21
COV	[218-218]	218	27
COV	[219-219]	219	43
COV	[220-220]	220	41
COV	[221-221]	221	32
COV	[222-222]	222	28
COV	[223-223]	223	36
COV	[224-224]	224	34
COV	[225-225]	225	41
COV	[226-226]	226	23
COV	[227-227]	227	20
COV	[228-228]	228	15
COV	[229-229]	229	16
COV	[230-230]	230	17
COV	[231-231]	231	19
COV	[232-232]	232	13
COV	[233-233]	233	16
COV	[234-234]	234	6
COV	[235-235]	235	21
COV	[236-236]	236	15
COV	[237-237]	237	21
COV	[238-238]	238	19
COV	[239-239]	239	16
COV	[240-240]	240	16
COV	[241-241]	241	16
COV	[242-242]	242	18
COV	[243-243]	243	11
COV	[244-244]	244	21
COV	[245-245]	245	14
COV	[246-246]	246	16
COV	[247-247]	247	13
COV	[248-248]	248	12
COV	[249-249]	249	9
COV	[250-250]	250	17
COV	[251-251]	251	14
COV	[252-252]	252	19
COV	[253-253]	253	15
COV	[254-254]	254	12
COV	[255-255]	255	16
COV	[256-256]	256	9
COV	[257-257]	257	15
COV	[258-258]	258	18
COV	[259-259]	259	15
COV	[260-260]	260	15
COV	[261-261]	261	15
COV	[262-262]	262	14
COV	[263-263]	263	20
COV	[264-264]	264	20
COV	[265-265]	265	17
COV	[266-266]	266	14
COV	[267-267]	267	11
COV	[268-268]	268	23
COV	[269-269]	269	9
COV	[270-270]	270	19
COV	[271-271]	271	22
COV	[272-272]	272	17
COV	[273-273]	273	14
COV	[274-274]	274	21
COV	[275-275]	275	6
COV	[276-276]	276	19
COV	[277-277]	277	24
COV	[278-278]	278	12
COV	[279-279]	279	11
COV	[280-280]	280	20
COV	[281-281]	281	16
COV	[282-282]	282	17
COV	[283-283]	283	11
COV	[284-284]	284	20
COV	[285-285]	285	28
COV	[286-286]	286	23
COV	[287-287]	287	12
COV	[288-288]	288	6
COV	[289-289]	289	8
COV	[290-290]	290	21
COV	[291-291]	291	11
COV	[292-292]	292	9
COV	[293-293]	293	17
COV	[294-294]	294	11
COV	[295-295]	295	11
COV	[296-296]	296	5
COV	[297-297]	297	17
COV	[298-298]	298	9
COV	[299-299]	299	16
COV	[300-300]	300	27
COV	[301-301]	301	12
COV	[302-302]	302	10
COV	[303-303]	303	9
COV	[304-304]	304	12
COV	[305-305]	305	10
COV	[306-306]	306	7
COV	[307-307]	307	3
COV	[308-308]	308	14
COV	[309-309]	309	10
COV	[310-310]	310	21
COV	[311-311]	311	10
COV	[312-312]	312	12
COV	[313-313]	313	3
COV	[314-314]	314	12
COV	[315-315]	315	1
COV	[316-316]	316	7
COV	[317-317]	317	4
COV	[318-318]	318	5
COV	[319-319]	319	5
COV	[320-320]	320	5
COV	[321-321]	321	12
COV	[322-322]	322	8
COV	[323-323]	323	4
COV	[324-324]	324	4
COV	[325-325]	325	1
COV	[326-326]	326	4
COV	[327-327]	327	11
COV	[328-328]	328	6
COV	[329-329]	329	8
COV	[330-330]	330	13
COV	[331-331]	331	7
COV	[332-332]	332	6
COV	[333-333]	333	7
COV	[334-334]	334	2
COV	[335-335]	335	5
COV	[336-336]	336	4
COV	[337-337]	337	2
COV	[338-338]	338	1
COV	[339-339]	339	5
COV	[340-340]	340	4
COV	[341-341]	341	6
COV	[342-342]	342	10
COV	[343-343]	343	4
COV	[344-344]	344	5
COV	[345-345]	345	4
COV	[346-346]	346	3
COV	[347-347]	347	5
COV	[348-348]	348	13
COV	[349-349]	349	5
COV	[350-350]	350	4
COV	[351-351]	351	2
COV	[352-352]	352	2
COV	[353-353]	353	7
COV	[354-354]	354	2
COV	[355-355]	355	3
COV	[356-356]	356	5
COV	[357-357]	357	7
COV	[358-358]	358	2
COV	[359-359]	359	5
COV	[360-360]	360	3
COV	[361-361]	361	9
COV	[362-362]	362	5
COV	[363-363]	363	5
COV	[364-364]	364	4
COV	[365-365]	365	3
COV	[366-366]	366	9
COV	[367-367]	367	3
COV	[368-368]	368	11
COV	[369-369]	369	10
COV	[370-370]	370	7
COV	[371-371]	371	5
COV	[372-372]	372	13
COV	[373-373]	373	5
COV	[374-374]	374	5
COV	[375-375]	375	4
COV	[376-376]	376	5
COV	[377-377]	377	4
COV	[378-378]	378	8
COV	[379-379]	379	2
COV	[380-380]	380	6
COV	[381-381]	381	8
COV	[382-382]	382	10
COV	[383-383]	383	11
COV	[384-384]	384	13
COV	[385-385]	385	2
COV	[386-386]	386	4
COV	[387-387]	387	1
COV	[388-388]	388	10
COV	[389-389]	389	6
COV	[390-390]	390	8
COV	[391-391]	391	6
COV	[392-392]	392	6
COV	[393-393]	393	4
COV	[394-394]	394	4
COV	[395-395]	395	6
COV	[396-396]	396	5
COV	[397-397]	397	8
COV	[398-398]	398	10
COV	[399-399]	399	6
COV	[400-400]	400	9
COV	[401-401]	401	6
COV	[402-402]	402	5
COV	[403-403]	403	17
COV	[404-404]	404	7
COV	[405-405]	405	9
COV	[406-406]	406	12
COV	[407-407]	407	10
COV	[408-408]	408	11
COV	[409-409]	409	10
COV	[410-410]	410	2
COV	[411-411]	411	1
COV	[412-412]	412	9
COV	[413-413]	413	3
COV	[414-414]	414	5
COV	[417-417]	417	2
COV	[418-418]	418	5
COV	[419-419]	419	1
COV	[420-420]	420	1
COV	[422-422]	422	4
COV	[424-424]	424	1
COV	[426-426]	426	2
COV	[427-427]	427	1
COV	[428-428]	428	1
COV	[429-429]	429	1
COV	[430-430]	430	1
COV	[431-431]	431	4
COV	[432-432]	432	2
COV	[433-433]	433	2
COV	[434-434]	434	6
COV	[435-435]	435	4
COV	[436-436]	436	1
COV	[437-437]	437	4
COV	[439-439]	439	1
COV	[440-440]	440	2
COV	[441-441]	441	1
COV	[442-442]	442	1
COV	[443-443]	443	5
COV	[444-444]	444	3
COV	[445-445]	445	1
COV	[446-446]	446	4
COV	[447-447]	447	1
COV	[448-448]	448	3
COV	[449-449]	449	3
COV	[450-450]	450	2
COV	[451-451]	451	4
COV	[452-452]	452	3
COV	[453-453]	453	3
COV	[454-454]	454	1
COV	[455-455]	455	3
COV	[456-456]	456	3
COV	[457-457]	457	3
COV	[458-458]	458	4
COV	[459-459]	459	3
COV	[460-460]	460	1
COV	[461-461]	461	2
COV	[462-462]	462	5
COV	[463-463]	463	2
COV	[464-464]	464	3
COV	[465-465]	465	2
COV	[466-466]	466	4
COV	[467-467]	467	4
COV	[468-468]	468	5
COV	[469-469]	469	6
COV	[470-470]	470	6
COV	[471-471]	471	4
COV	[472-472]	472	5
COV	[473-473]	473	1
COV	[474-474]	474	1
COV	[475-475]	475	2
COV	[478-478]	478	2
COV	[479-479]	479	4
COV	[480-480]	480	1
COV	[481-481]	481	2
COV	[482-482]	482	8
COV	[483-483]	483	5
COV	[484-484]	484	9
COV	[485-485]	485	2
COV	[486-486]	486	1
COV	[487-487]	487	3
COV	[489-489]	489	1
COV	[490-490]	490	3
COV	[491-491]	491	1
COV	[493-493]	493	1
COV	[494-494]	494	2
COV	[495-495]	495	7
COV	[496-496]	496	7
COV	[498-498]	498	4
COV	[500-500]	500	3
COV	[501-501]	501	2
COV	[502-502]	502	17
COV	[503-503]	503	1
COV	[504-504]	504	2
COV	[505-505]	505	4
COV	[506-506]	506	1
COV	[507-507]	507	1
COV	[510-510]	510	1
COV	[511-511]	511	7
COV	[512-512]	512	4
COV	[520-520]	520	1
COV	[530-530]	530	1
COV	[533-533]	533	2
COV	[534-534]	534	6
COV	[535-535]	535	1
COV	[537-537]	537	1
COV	[539-539]	539	1
COV	[541-541]	541	2
COV	[544-544]	544	1
COV	[545-545]	545	1
COV	[546-546]	546	2
COV	[549-549]	549	1
COV	[550-550]	550	2
COV	[552-552]	552	3
COV	[553-553]	553	2
COV	[554-554]	554	1
COV	[555-555]	555	1
COV	[557-557]	557	1
COV	[558-558]	558	3
COV	[560-560]	560	2
COV	[563-563]	563	2
COV	[565-565]	565	2
COV	[566-566]	566	2
COV	[567-567]	567	5
COV	[568-568]	568	1
COV	[569-569]	569	1
COV	[572-572]	572	1
COV	[573-573]	573	1
COV	[574-574]	574	4
COV	[575-575]	575	2
COV	[576-576]	576	5
COV	[577-577]	577	3
COV	[580-580]	580	2
COV	[581-581]	581	4
COV	[583-583]	583	5
COV	[584-584]	584	4
COV	[585-585]	585	3
COV	[586-586]	586	5
COV	[587-587]	587	1
COV	[588-588]	588	5
COV	[589-589]	589	3
COV	[590-590]	590	6
COV	[591-591]	591	2
COV	[592-592]	592	3
COV	[596-596]	596	6
COV	[597-597]	597	4
COV	[598-598]	598	3
COV	[599-599]	599	2
COV	[601-601]	601	1
COV	[602-602]	602	2
COV	[603-603]	603	4
COV	[604-604]	604	3
COV	[605-605]	605	1
COV	[606-606]	606	11
COV	[608-608]	608	4
COV	[609-609]	609	4
COV	[610-610]	610	11
COV	[615-615]	615	2
COV	[617-617]	617	1
COV	[618-618]	618	1
COV	[619-619]	619	1
COV	[620-620]	620	2
COV	[622-622]	622	3
COV	[623-623]	623	2
COV	[624-624]	624	1
COV	[626-626]	626	3
COV	[627-627]	627	1
COV	[629-629]	629	1
COV	[631-631]	631	2
COV	[633-633]	633	3
COV	[634-634]	634	2
COV	[635-635]	635	2
COV	[636-636]	636	1
COV	[637-637]	637	2
COV	[638-638]	638	3
COV	[639-639]	639	4
COV	[640-640]	640	3
COV	[642-642]	642	1
COV	[656-656]	656	1
COV	[658-658]	658	1
COV	[663-663]	663	1
COV	[665-665]	665	1
COV	[666-666]	666	1
COV	[668-668]	668	1
COV	[669-669]	669	1
COV	[672-672]	672	1
COV	[680-680]	680	2
COV	[681-681]	681	1
COV	[685-685]	685	1
COV	[691-691]	691	1
COV	[693-693]	693	1
COV	[694-694]	694	3
COV	[695-695]	695	1
COV	[697-697]	697	1
COV	[698-698]	698	2
COV	[701-701]	701	1
COV	[702-702]	702	1
COV	[704-704]	704	8
COV	[706-706]	706	1
COV	[721-721]	721	1
COV	[738-738]	738	1
COV	[766-766]	766	3
COV	[767-767]	767	1
COV	[768-768]	768	3
COV	[769-769]	769	1
COV	[770-770]	770	1
COV	[801-801]	801	1
COV	[814-814]	814	1
COV	[817-817]	817	1
COV	[819-819]	819	1
COV	[826-826]	826	1
COV	[828-828]	828	1
COV	[829-829]	829	1
COV	[832-832]	832	1
COV	[837-837]	837	1
COV	[840-840]	840	1
COV	[843-843]	843	2
COV	[845-845]	845	1
COV	[848-848]	848	2
COV	[850-850]	850	1
COV	[851-851]	851	1
COV	[866-866]	866	1
COV	[868-868]	868	2
COV	[874-874]	874	1
COV	[877-877]	877	3
COV	[878-878]	878	10
COV	[879-879]	879	3
COV	[880-880]	880	2
COV	[882-882]	882	8
COV	[883-883]	883	1
COV	[884-884]	884	1
COV	[889-889]	889	1
COV	[891-891]	891	2
COV	[892-892]	892	5
COV	[895-895]	895	1
COV	[896-896]	896	1
COV	[897-897]	897	3
COV	[914-914]	914	1
COV	[919-919]	919	1
COV	[921-921]	921	1
COV	[967-967]	967	1
COV	[985-985]	985	2
COV	[992-992]	992	1
COV	[995-995]	995	1
COV	[1000<]	1000	326
# GC-depth. Use `grep ^GCD | cut -f 2-` to extract this part. The columns are: GC%, unique sequence percentiles, 10th, 25th, 50th, 75th and 90th depth percentile
GCD	0.0	0.006	0.000	0.000	0.000	0.000	0.000
GCD	1.9	0.009	0.033	0.033	0.033	0.033	0.033
GCD	15.0	0.014	0.007	0.007	0.010	0.013	0.013
GCD	17.0	0.017	0.007	0.007	0.007	0.007	0.007
GCD	18.0	0.020	0.007	0.007	0.007	0.007	0.007
GCD	19.0	0.023	0.007	0.007	0.007	0.007	0.007
GCD	20.0	0.032	0.007	0.007	0.007	0.013	0.013
GCD	21.0	0.052	0.007	0.007	0.007	0.013	0.013
GCD	22.0	0.069	0.007	0.007	0.010	0.013	0.013
GCD	23.0	0.087	0.007	0.007	0.010	0.020	0.039
GCD	24.0	0.113	0.007	0.007	0.013	0.023	0.026
GCD	25.0	0.150	0.007	0.007	0.013	0.016	0.162
GCD	26.0	0.197	0.007	0.013	0.029	0.039	0.056
GCD	27.0	0.246	0.007	0.013	0.020	0.036	0.058
GCD	28.0	0.356	0.013	0.013	0.026	0.039	0.065
GCD	29.0	0.472	0.007	0.020	0.033	0.074	0.092
GCD	30.0	0.674	0.007	0.013	0.033	0.080	0.164
GCD	31.0	0.998	0.013	0.026	0.052	0.123	0.317
GCD	32.0	1.548	0.020	0.026	0.065	0.160	0.385
GCD	33.0	2.511	0.026	0.046	0.124	0.275	0.502
GCD	34.0	4.464	0.033	0.085	0.190	0.354	0.542
GCD	35.0	8.080	0.052	0.144	0.269	0.419	0.602
GCD	36.0	14.561	0.092	0.190	0.327	0.465	0.635
GCD	37.0	25.056	0.124	0.229	0.367	0.498	0.648
GCD	38.0	38.894	0.144	0.255	0.380	0.504	0.655
GCD	39.0	54.557	0.138	0.262	0.386	0.511	0.652
GCD	40.0	68.452	0.144	0.255	0.380	0.498	0.635
GCD	41.0	80.113	0.144	0.255	0.373	0.498	0.609
GCD	42.0	87.965	0.118	0.223	0.354	0.478	0.603
GCD	43.0	92.822	0.098	0.203	0.334	0.452	0.570
GCD	44.0	95.571	0.072	0.164	0.298	0.419	0.557
GCD	45.0	97.179	0.046	0.124	0.242	0.386	0.609
GCD	46.0	98.018	0.039	0.105	0.210	0.360	0.510
GCD	47.0	98.568	0.027	0.059	0.111	0.249	0.418
GCD	48.0	98.953	0.020	0.039	0.098	0.213	0.388
GCD	49.0	99.181	0.013	0.033	0.079	0.151	0.288
GCD	50.0	99.335	0.013	0.026	0.065	0.183	0.430
GCD	51.0	99.459	0.013	0.039	0.079	0.138	0.220
GCD	52.0	99.575	0.013	0.026	0.052	0.111	0.637
GCD	53.0	99.662	0.013	0.026	0.036	0.097	0.334
GCD	54.0	99.705	0.017	0.026	0.072	0.118	24.714
GCD	55.0	99.748	0.013	0.020	0.039	0.052	0.089
GCD	56.0	99.789	0.013	0.013	0.016	0.046	1.143
GCD	57.0	99.832	0.010	0.013	0.026	0.052	2.389
GCD	58.0	99.852	0.013	0.013	0.026	0.052	0.124
GCD	59.0	99.887	0.009	0.013	0.020	0.047	0.089
GCD	60.0	99.893	0.007	0.007	0.023	0.039	0.039
GCD	61.0	99.907	0.013	0.023	0.033	0.039	0.039
GCD	62.0	99.922	0.007	0.010	0.013	0.088	0.144
GCD	63.0	99.936	0.013	0.013	0.026	0.036	0.046
GCD	64.0	99.948	0.013	0.016	0.026	0.026	0.026
GCD	65.0	99.959	0.007	0.008	0.013	0.033	0.039
GCD	66.0	99.965	0.007	0.007	0.010	0.013	0.013
GCD	67.0	99.983	0.007	0.007	0.010	0.023	0.052
GCD	69.0	99.986	0.007	0.007	0.007	0.007	0.007
GCD	70.0	99.988	0.013	0.013	0.013	0.013	0.013
GCD	73.0	99.991	0.007	0.007	0.007	0.007	0.007
GCD	74.0	99.994	0.013	0.013	0.013	0.013	0.013
GCD	75.0	99.997	0.013	0.013	0.013	0.013	0.013
GCD	76.0	100.000	0.007	0.007	0.007	0.007	0.007
