# This file was produced by samtools stats (1.17+htslib-1.17) and can be plotted using plot-bamstats
# This file contains statistics for all reads.
# The command line was:  stats -@ 4 ./ngm-align/NBJ30-WGS_S64_ngmalign.bam
# CHK, Checksum	[2]Read Names	[3]Sequences	[4]Qualities
# CHK, CRC32 of reads which passed filtering followed by addition (32bit overflow)
CHK	3ab184a8	36b05772	ed513aa4
# Summary Numbers. Use `grep ^SN | cut -f 2-` to extract this part.
SN	raw total sequences:	430766	# excluding supplementary and secondary reads
SN	filtered sequences:	0
SN	sequences:	430766
SN	is sorted:	1
SN	1st fragments:	215383
SN	last fragments:	215383
SN	reads mapped:	414468
SN	reads mapped and paired:	404968	# paired-end technology bit set + both mates mapped
SN	reads unmapped:	16298
SN	reads properly paired:	326248	# proper-pair bit set
SN	reads paired:	430766	# paired-end technology bit set
SN	reads duplicated:	0	# PCR or optical duplicate bit set
SN	reads MQ0:	81969	# mapped and MQ=0
SN	reads QC failed:	0
SN	non-primary alignments:	0
SN	supplementary alignments:	0
SN	total length:	50849887	# ignores clipping
SN	total first fragment length:	30271522	# ignores clipping
SN	total last fragment length:	20578365	# ignores clipping
SN	bases mapped:	48892308	# ignores clipping
SN	bases mapped (cigar):	47044307	# more accurate
SN	bases trimmed:	0
SN	bases duplicated:	0
SN	mismatches:	2813961	# from NM fields
SN	error rate:	5.981512e-02	# mismatches / bases mapped (cigar)
SN	average length:	118
SN	average first fragment length:	141
SN	average last fragment length:	96
SN	maximum length:	151
SN	maximum first fragment length:	151
SN	maximum last fragment length:	151
SN	average quality:	30.7
SN	insert size average:	247.9
SN	insert size standard deviation:	73.5
SN	inward oriented pairs:	160801
SN	outward oriented pairs:	7247
SN	pairs with other orientation:	4036
SN	pairs on different chromosomes:	30400
SN	percentage of properly paired reads (%):	75.7
# First Fragment Qualities. Use `grep ^FFQ | cut -f 2-` to extract this part.
# Columns correspond to qualities and rows to cycles. First column is the cycle number.
FFQ	1	0	0	0	0	0	0	0	0	0	0	0	0	0	0	20199	0	0	0	0	0	0	24898	0	0	0	0	0	230	0	0	0	0	170056	0	0	0	0	0
FFQ	2	0	0	2	0	0	0	0	0	0	0	0	0	0	0	29586	0	0	0	0	0	0	10305	0	0	0	0	0	292	0	0	0	0	175198	0	0	0	0	0
FFQ	3	0	0	0	0	0	0	0	0	0	0	0	0	0	0	11114	0	0	0	0	0	0	7073	0	0	0	0	0	143	0	0	0	0	197053	0	0	0	0	0
FFQ	4	0	0	0	0	0	0	0	0	0	0	0	0	0	0	5909	0	0	0	0	0	0	3999	0	0	0	0	0	121	0	0	0	0	205354	0	0	0	0	0
FFQ	5	0	0	0	0	0	0	0	0	0	0	0	0	0	0	5588	0	0	0	0	0	0	5500	0	0	0	0	0	172	0	0	0	0	204094	0	0	0	29	0
FFQ	6	0	0	3	0	0	0	0	0	0	0	0	0	0	0	6673	0	0	0	0	0	0	7490	0	0	0	0	0	251	0	0	0	0	12643	0	0	0	188323	0
FFQ	7	0	0	0	0	0	0	0	0	0	0	0	0	0	0	6388	0	0	0	0	0	0	6318	0	0	0	0	0	192	0	0	0	0	13353	0	0	0	189132	0
FFQ	8	0	0	0	0	0	0	0	0	0	0	0	0	0	0	7297	0	0	0	0	0	0	6441	0	0	0	0	0	199	0	0	0	0	14474	0	0	0	186972	0
FFQ	9	0	0	0	0	0	0	0	0	0	0	0	0	0	0	5903	0	0	0	0	0	0	5265	0	0	0	0	0	99	0	0	0	0	14988	0	0	0	189128	0
FFQ	10	0	0	0	0	0	0	0	0	0	0	0	0	0	0	6905	0	0	0	0	0	0	6133	0	0	0	0	0	123	0	0	0	0	14308	0	0	0	187914	0
FFQ	11	0	0	0	0	0	0	0	0	0	0	0	0	0	0	6712	0	0	0	0	0	0	4558	0	0	0	0	0	71	0	0	0	0	13892	0	0	0	190150	0
FFQ	12	0	0	0	0	0	0	0	0	0	0	0	0	0	0	6567	0	0	0	0	0	0	5994	0	0	0	0	0	79	0	0	0	0	14621	0	0	0	188122	0
FFQ	13	0	0	0	0	0	0	0	0	0	0	0	0	0	0	6511	0	0	0	0	0	0	5140	0	0	0	0	0	58	0	0	0	0	14702	0	0	0	188972	0
FFQ	14	0	0	0	0	0	0	0	0	0	0	0	0	0	0	6581	0	0	0	0	0	0	5526	0	0	0	0	0	62	0	0	0	0	15346	0	0	0	187868	0
FFQ	15	0	0	0	0	0	0	0	0	0	0	0	0	0	0	7313	0	0	0	0	0	0	5298	0	0	0	0	0	99	0	0	0	0	15877	0	0	0	186796	0
FFQ	16	0	0	0	0	0	0	0	0	0	0	0	0	0	0	7170	0	0	0	0	0	0	5803	0	0	0	0	0	111	0	0	0	0	15158	0	0	0	187141	0
FFQ	17	0	0	0	0	0	0	0	0	0	0	0	0	0	0	6908	0	0	0	0	0	0	5854	0	0	0	0	0	141	0	0	0	0	14857	0	0	0	187623	0
FFQ	18	0	0	0	0	0	0	0	0	0	0	0	0	0	0	7055	0	0	0	0	0	0	5905	0	0	0	0	0	190	0	0	0	0	14995	0	0	0	187238	0
FFQ	19	0	0	0	0	0	0	0	0	0	0	0	0	0	0	7112	0	0	0	0	0	0	5690	0	0	0	0	0	241	0	0	0	0	15286	0	0	0	187054	0
FFQ	20	0	0	0	0	0	0	0	0	0	0	0	0	0	0	7416	0	0	0	0	0	0	5495	0	0	0	0	0	218	0	0	0	0	15811	0	0	0	186443	0
FFQ	21	0	0	0	0	0	0	0	0	0	0	0	0	0	0	7563	0	0	0	0	0	0	5414	0	0	0	0	0	267	0	0	0	0	15543	0	0	0	186596	0
FFQ	22	0	0	0	0	0	0	0	0	0	0	0	0	0	0	7771	0	0	0	0	0	0	5305	0	0	0	0	0	306	0	0	0	0	15703	0	0	0	186298	0
FFQ	23	0	0	0	0	0	0	0	0	0	0	0	0	0	0	7950	0	0	0	0	0	0	5372	0	0	0	0	0	343	0	0	0	0	16120	0	0	0	185598	0
FFQ	24	0	0	0	0	0	0	0	0	0	0	0	0	0	0	8253	0	0	0	0	0	0	5284	0	0	0	0	0	426	0	0	0	0	16090	0	0	0	185330	0
FFQ	25	0	0	0	0	0	0	0	0	0	0	0	0	0	0	8591	0	0	0	0	0	0	5167	0	0	0	0	0	488	0	0	0	0	16494	0	0	0	184643	0
FFQ	26	0	0	0	0	0	0	0	0	0	0	0	0	0	0	9283	0	0	0	0	0	0	5198	0	0	0	0	0	601	0	0	0	0	16281	0	0	0	184020	0
FFQ	27	0	0	0	0	0	0	0	0	0	0	0	0	0	0	9463	0	0	0	0	0	0	5156	0	0	0	0	0	661	0	0	0	0	16389	0	0	0	183714	0
FFQ	28	0	0	0	0	0	0	0	0	0	0	0	0	0	0	9867	0	0	0	0	0	0	4780	0	0	0	0	0	791	0	0	0	0	16241	0	0	0	183704	0
FFQ	29	0	0	0	0	0	0	0	0	0	0	0	0	0	0	10366	0	0	0	0	0	0	4563	0	0	0	0	0	889	0	0	0	0	16411	0	0	0	183154	0
FFQ	30	0	0	0	0	0	0	0	0	0	0	0	0	0	0	10656	0	0	0	0	0	0	4355	0	0	0	0	0	987	0	0	0	0	16485	0	0	0	182900	0
FFQ	31	0	0	0	0	0	0	0	0	0	0	0	0	0	0	10793	0	0	0	0	0	0	4204	0	0	0	0	0	1084	0	0	0	0	16401	0	0	0	182901	0
FFQ	32	0	0	0	0	0	0	0	0	0	0	0	0	0	0	11024	0	0	0	0	0	0	4199	0	0	0	0	0	1159	0	0	0	0	16538	0	0	0	182463	0
FFQ	33	0	0	0	0	0	0	0	0	0	0	0	0	0	0	11193	0	0	0	0	0	0	4184	0	0	0	0	0	1248	0	0	0	0	16577	0	0	0	182181	0
FFQ	34	0	0	0	0	0	0	0	0	0	0	0	0	0	0	11682	0	0	0	0	0	0	3958	0	0	0	0	0	1293	0	0	0	0	16496	0	0	0	181954	0
FFQ	35	0	0	0	0	0	0	0	0	0	0	0	0	0	0	12015	0	0	0	0	0	0	3900	0	0	0	0	0	1339	0	0	0	0	16370	0	0	0	181759	0
FFQ	36	0	0	0	0	0	0	0	0	0	0	0	0	0	0	12291	0	0	0	0	0	0	3729	0	0	0	0	0	1437	0	0	0	0	16560	0	0	0	181366	0
FFQ	37	0	0	0	0	0	0	0	0	0	0	0	0	0	0	12607	0	0	0	0	0	0	3573	0	0	0	0	0	1459	0	0	0	0	16523	0	0	0	181003	0
FFQ	38	0	0	0	0	0	0	0	0	0	0	0	0	0	0	12722	0	0	0	0	0	0	3435	0	0	0	0	0	1551	0	0	0	0	16757	0	0	0	180473	0
FFQ	39	0	0	0	0	0	0	0	0	0	0	0	0	0	0	13236	0	0	0	0	0	0	3196	0	0	0	0	0	1531	0	0	0	0	16469	0	0	0	180283	0
FFQ	40	0	0	0	0	0	0	0	0	0	0	0	0	0	0	13001	0	0	0	0	0	0	3249	0	0	0	0	0	1567	0	0	0	0	16864	0	0	0	179761	0
FFQ	41	0	0	0	0	0	0	0	0	0	0	0	0	0	0	13355	0	0	0	0	0	0	2997	0	0	0	0	0	1660	0	0	0	0	16836	0	0	0	179363	0
FFQ	42	0	0	0	0	0	0	0	0	0	0	0	0	0	0	13738	0	0	0	0	0	0	2992	0	0	0	0	0	1555	0	0	0	0	16637	0	0	0	179045	0
FFQ	43	0	0	0	0	0	0	0	0	0	0	0	0	0	0	13848	0	0	0	0	0	0	3045	0	0	0	0	0	1694	0	0	0	0	16758	0	0	0	178375	0
FFQ	44	0	0	0	0	0	0	0	0	0	0	0	0	0	0	14200	0	0	0	0	0	0	2943	0	0	0	0	0	1591	0	0	0	0	16605	0	0	0	178133	0
FFQ	45	0	0	0	0	0	0	0	0	0	0	0	0	0	0	14218	0	0	0	0	0	0	2960	0	0	0	0	0	1692	0	0	0	0	16365	0	0	0	178004	0
FFQ	46	0	0	0	0	0	0	0	0	0	0	0	0	0	0	14630	0	0	0	0	0	0	2938	0	0	0	0	0	1657	0	0	0	0	16228	0	0	0	177527	0
FFQ	47	0	0	0	0	0	0	0	0	0	0	0	0	0	0	14413	0	0	0	0	0	0	2944	0	0	0	0	0	1844	0	0	0	0	16368	0	0	0	177153	0
FFQ	48	0	0	0	0	0	0	0	0	0	0	0	0	0	0	14775	0	0	0	0	0	0	2955	0	0	0	0	0	1906	0	0	0	0	16084	0	0	0	176765	0
FFQ	49	0	0	0	0	0	0	0	0	0	0	0	0	0	0	14819	0	0	0	0	0	0	3152	0	0	0	0	0	2097	0	0	0	0	16030	0	0	0	176120	0
FFQ	50	0	0	0	0	0	0	0	0	0	0	0	0	0	0	15064	0	0	0	0	0	0	3033	0	0	0	0	0	2182	0	0	0	0	15981	0	0	0	175679	0
FFQ	51	0	0	0	0	0	0	0	0	0	0	0	0	0	0	15260	0	0	0	0	0	0	3135	0	0	0	0	0	2362	0	0	0	0	16037	0	0	0	174894	0
FFQ	52	0	0	0	0	0	0	0	0	0	0	0	0	0	0	15207	0	0	0	0	0	0	3177	0	0	0	0	0	2531	0	0	0	0	16254	0	0	0	174245	0
FFQ	53	0	0	0	0	0	0	0	0	0	0	0	0	0	0	15217	0	0	0	0	0	0	3241	0	0	0	0	0	2601	0	0	0	0	16177	0	0	0	173897	0
FFQ	54	0	0	0	0	0	0	0	0	0	0	0	0	0	0	15786	0	0	0	0	0	0	3210	0	0	0	0	0	2639	0	0	0	0	16176	0	0	0	173052	0
FFQ	55	0	0	0	0	0	0	0	0	0	0	0	0	0	0	15815	0	0	0	0	0	0	3428	0	0	0	0	0	2853	0	0	0	0	16356	0	0	0	172147	0
FFQ	56	0	0	0	0	0	0	0	0	0	0	0	0	0	0	16148	0	0	0	0	0	0	3345	0	0	0	0	0	3069	0	0	0	0	16611	0	0	0	171181	0
FFQ	57	0	0	0	0	0	0	0	0	0	0	0	0	0	0	16213	0	0	0	0	0	0	3455	0	0	0	0	0	3177	0	0	0	0	16706	0	0	0	170520	0
FFQ	58	0	0	0	0	0	0	0	0	0	0	0	0	0	0	16147	0	0	0	0	0	0	3388	0	0	0	0	0	3320	0	0	0	0	17091	0	0	0	169824	0
FFQ	59	0	0	0	0	0	0	0	0	0	0	0	0	0	0	16401	0	0	0	0	0	0	3461	0	0	0	0	0	3436	0	0	0	0	17671	0	0	0	168515	0
FFQ	60	0	0	0	0	0	0	0	0	0	0	0	0	0	0	16772	0	0	0	0	0	0	3431	0	0	0	0	0	3727	0	0	0	0	17915	0	0	0	167337	0
FFQ	61	0	0	0	0	0	0	0	0	0	0	0	0	0	0	16781	0	0	0	0	0	0	3414	0	0	0	0	0	3845	0	0	0	0	18742	0	0	0	166129	0
FFQ	62	0	0	0	0	0	0	0	0	0	0	0	0	0	0	17062	0	0	0	0	0	0	3421	0	0	0	0	0	4124	0	0	0	0	19237	0	0	0	164774	0
FFQ	63	0	0	0	0	0	0	0	0	0	0	0	0	0	0	17213	0	0	0	0	0	0	3453	0	0	0	0	0	4132	0	0	0	0	20285	0	0	0	163228	0
FFQ	64	0	0	0	0	0	0	0	0	0	0	0	0	0	0	17057	0	0	0	0	0	0	3516	0	0	0	0	0	4314	0	0	0	0	20767	0	0	0	162369	0
FFQ	65	0	0	0	0	0	0	0	0	0	0	0	0	0	0	17321	0	0	0	0	0	0	3411	0	0	0	0	0	4612	0	0	0	0	21565	0	0	0	160782	0
FFQ	66	0	0	0	0	0	0	0	0	0	0	0	0	0	0	17593	0	0	0	0	0	0	3378	0	0	0	0	0	4734	0	0	0	0	22438	0	0	0	159252	0
FFQ	67	0	0	0	0	0	0	0	0	0	0	0	0	0	0	17795	0	0	0	0	0	0	3428	0	0	0	0	0	5054	0	0	0	0	23047	0	0	0	157758	0
FFQ	68	0	0	0	0	0	0	0	0	0	0	0	0	0	0	17740	0	0	0	0	0	0	3304	0	0	0	0	0	5347	0	0	0	0	23796	0	0	0	156595	0
FFQ	69	0	0	0	0	0	0	0	0	0	0	0	0	0	0	18096	0	0	0	0	0	0	3317	0	0	0	0	0	5456	0	0	0	0	24374	0	0	0	155241	0
FFQ	70	0	0	0	0	0	0	0	0	0	0	0	0	0	0	18016	0	0	0	0	0	0	3304	0	0	0	0	0	5668	0	0	0	0	25237	0	0	0	153950	0
FFQ	71	0	0	0	0	0	0	0	0	0	0	0	0	0	0	18240	0	0	0	0	0	0	3382	0	0	0	0	0	6282	0	0	0	0	25389	0	0	0	152567	0
FFQ	72	0	0	0	0	0	0	0	0	0	0	0	0	0	0	18674	0	0	0	0	0	0	3300	0	0	0	0	0	6422	0	0	0	0	25761	0	0	0	151407	0
FFQ	73	0	0	0	0	0	0	0	0	0	0	0	0	0	0	18543	0	0	0	0	0	0	3360	0	0	0	0	0	6796	0	0	0	0	26233	0	0	0	150319	0
FFQ	74	0	0	0	0	0	0	0	0	0	0	0	0	0	0	18444	0	0	0	0	0	0	3289	0	0	0	0	0	7330	0	0	0	0	26234	0	0	0	149661	0
FFQ	75	0	0	0	0	0	0	0	0	0	0	0	0	0	0	18633	0	0	0	0	0	0	3188	0	0	0	0	0	7527	0	0	0	0	26517	0	0	0	148771	0
FFQ	76	0	0	0	0	0	0	0	0	0	0	0	0	0	0	18883	0	0	0	0	0	0	3220	0	0	0	0	0	7594	0	0	0	0	26608	0	0	0	148022	0
FFQ	77	0	0	0	0	0	0	0	0	0	0	0	0	0	0	18934	0	0	0	0	0	0	3082	0	0	0	0	0	7828	0	0	0	0	26846	0	0	0	147351	0
FFQ	78	0	0	0	0	0	0	0	0	0	0	0	0	0	0	19131	0	0	0	0	0	0	3068	0	0	0	0	0	7803	0	0	0	0	26782	0	0	0	146933	0
FFQ	79	0	0	0	0	0	0	0	0	0	0	0	0	0	0	19142	0	0	0	0	0	0	3053	0	0	0	0	0	8187	0	0	0	0	26757	0	0	0	146272	0
FFQ	80	0	0	0	0	0	0	0	0	0	0	0	0	0	0	19448	0	0	0	0	0	0	2992	0	0	0	0	0	8190	0	0	0	0	27126	0	0	0	145346	0
FFQ	81	0	0	0	0	0	0	0	0	0	0	0	0	0	0	19896	0	0	0	0	0	0	2861	0	0	0	0	0	8474	0	0	0	0	27174	0	0	0	144368	0
FFQ	82	0	0	0	0	0	0	0	0	0	0	0	0	0	0	20014	0	0	0	0	0	0	2862	0	0	0	0	0	8389	0	0	0	0	27450	0	0	0	143739	0
FFQ	83	0	0	0	0	0	0	0	0	0	0	0	0	0	0	20255	0	0	0	0	0	0	2762	0	0	0	0	0	8581	0	0	0	0	27275	0	0	0	143258	0
FFQ	84	0	0	0	0	0	0	0	0	0	0	0	0	0	0	20501	0	0	0	0	0	0	2738	0	0	0	0	0	8689	0	0	0	0	27307	0	0	0	142582	0
FFQ	85	0	0	0	0	0	0	0	0	0	0	0	0	0	0	20762	0	0	0	0	0	0	2717	0	0	0	0	0	8670	0	0	0	0	26973	0	0	0	142368	0
FFQ	86	0	0	0	0	0	0	0	0	0	0	0	0	0	0	20824	0	0	0	0	0	0	2707	0	0	0	0	0	8990	0	0	0	0	27496	0	0	0	141136	0
FFQ	87	0	0	0	0	0	0	0	0	0	0	0	0	0	0	21117	0	0	0	0	0	0	2671	0	0	0	0	0	8913	0	0	0	0	27611	0	0	0	140486	0
FFQ	88	0	0	0	0	0	0	0	0	0	0	0	0	0	0	21369	0	0	0	0	0	0	2626	0	0	0	0	0	8974	0	0	0	0	27724	0	0	0	139769	0
FFQ	89	0	0	0	0	0	0	0	0	0	0	0	0	0	0	21244	0	0	0	0	0	0	2574	0	0	0	0	0	9067	0	0	0	0	28124	0	0	0	139122	0
FFQ	90	0	0	0	0	0	0	0	0	0	0	0	0	0	0	21541	0	0	0	0	0	0	2586	0	0	0	0	0	9102	0	0	0	0	27938	0	0	0	138611	0
FFQ	91	0	0	0	0	0	0	0	0	0	0	0	0	0	0	21458	0	0	0	0	0	0	2654	0	0	0	0	0	9254	0	0	0	0	28143	0	0	0	137932	0
FFQ	92	0	0	0	0	0	0	0	0	0	0	0	0	0	0	21523	0	0	0	0	0	0	2608	0	0	0	0	0	9290	0	0	0	0	28446	0	0	0	137209	0
FFQ	93	0	0	0	0	0	0	0	0	0	0	0	0	0	0	22159	0	0	0	0	0	0	2586	0	0	0	0	0	9288	0	0	0	0	28485	0	0	0	136238	0
FFQ	94	0	0	0	0	0	0	0	0	0	0	0	0	0	0	22263	0	0	0	0	0	0	2605	0	0	0	0	0	9408	0	0	0	0	28937	0	0	0	135155	0
FFQ	95	0	0	0	0	0	0	0	0	0	0	0	0	0	0	22241	0	0	0	0	0	0	2683	0	0	0	0	0	9554	0	0	0	0	29125	0	0	0	134416	0
FFQ	96	0	0	0	0	0	0	0	0	0	0	0	0	0	0	22356	0	0	0	0	0	0	2697	0	0	0	0	0	9814	0	0	0	0	29016	0	0	0	133785	0
FFQ	97	0	0	0	0	0	0	0	0	0	0	0	0	0	0	22704	0	0	0	0	0	0	2694	0	0	0	0	0	10138	0	0	0	0	29295	0	0	0	132498	0
FFQ	98	0	0	0	0	0	0	0	0	0	0	0	0	0	0	23078	0	0	0	0	0	0	2798	0	0	0	0	0	10020	0	0	0	0	29552	0	0	0	131512	0
FFQ	99	0	0	0	0	0	0	0	0	0	0	0	0	0	0	23310	0	0	0	0	0	0	2708	0	0	0	0	0	10272	0	0	0	0	29563	0	0	0	130751	0
FFQ	100	0	0	0	0	0	0	0	0	0	0	0	0	0	0	23171	0	0	0	0	0	0	2583	0	0	0	0	0	10494	0	0	0	0	29766	0	0	0	130214	0
FFQ	101	0	0	0	0	0	0	0	0	0	0	0	0	0	0	23083	0	0	0	0	0	0	2655	0	0	0	0	0	10937	0	0	0	0	29395	0	0	0	129784	0
FFQ	102	0	0	0	0	0	0	0	0	0	0	0	0	0	0	23160	0	0	0	0	0	0	2692	0	0	0	0	0	11309	0	0	0	0	30005	0	0	0	128333	0
FFQ	103	0	0	0	0	0	0	0	0	0	0	0	0	0	0	23537	0	0	0	0	0	0	2678	0	0	0	0	0	11499	0	0	0	0	29989	0	0	0	127420	0
FFQ	104	0	0	0	0	0	0	0	0	0	0	0	0	0	0	23995	0	0	0	0	0	0	2685	0	0	0	0	0	11785	0	0	0	0	30044	0	0	0	126212	0
FFQ	105	0	0	0	0	0	0	0	0	0	0	0	0	0	0	24134	0	0	0	0	0	0	2649	0	0	0	0	0	12063	0	0	0	0	30097	0	0	0	125360	0
FFQ	106	0	0	0	0	0	0	0	0	0	0	0	0	0	0	23876	0	0	0	0	0	0	2557	0	0	0	0	0	12952	0	0	0	0	30082	0	0	0	124460	0
FFQ	107	0	0	0	0	0	0	0	0	0	0	0	0	0	0	24135	0	0	0	0	0	0	2555	0	0	0	0	0	13183	0	0	0	0	30266	0	0	0	123354	0
FFQ	108	0	0	0	0	0	0	0	0	0	0	0	0	0	0	24513	0	0	0	0	0	0	2493	0	0	0	0	0	13713	0	0	0	0	30481	0	0	0	121863	0
FFQ	109	0	0	0	0	0	0	0	0	0	0	0	0	0	0	24353	0	0	0	0	0	0	2509	0	0	0	0	0	14169	0	0	0	0	30848	0	0	0	120739	0
FFQ	110	0	0	0	0	0	0	0	0	0	0	0	0	0	0	24820	0	0	0	0	0	0	2439	0	0	0	0	0	14171	0	0	0	0	31055	0	0	0	119682	0
FFQ	111	0	0	0	0	0	0	0	0	0	0	0	0	0	0	25415	0	0	0	0	0	0	2315	0	0	0	0	0	15144	0	0	0	0	31266	0	0	0	117559	0
FFQ	112	0	0	0	0	0	0	0	0	0	0	0	0	0	0	25247	0	0	0	0	0	0	2445	0	0	0	0	0	15226	0	0	0	0	32033	0	0	0	116309	0
FFQ	113	0	0	0	0	0	0	0	0	0	0	0	0	0	0	25731	0	0	0	0	0	0	2297	0	0	0	0	0	15722	0	0	0	0	31960	0	0	0	115095	0
FFQ	114	0	0	0	0	0	0	0	0	0	0	0	0	0	0	25717	0	0	0	0	0	0	2283	0	0	0	0	0	15882	0	0	0	0	32206	0	0	0	114231	0
FFQ	115	0	0	0	0	0	0	0	0	0	0	0	0	0	0	25825	0	0	0	0	0	0	2341	0	0	0	0	0	16431	0	0	0	0	33159	0	0	0	112074	0
FFQ	116	0	0	0	0	0	0	0	0	0	0	0	0	0	0	25703	0	0	0	0	0	0	2169	0	0	0	0	0	16936	0	0	0	0	33234	0	0	0	111318	0
FFQ	117	0	0	0	0	0	0	0	0	0	0	0	0	0	0	26056	0	0	0	0	0	0	2050	0	0	0	0	0	17337	0	0	0	0	33925	0	0	0	109521	0
FFQ	118	0	0	0	0	0	0	0	0	0	0	0	0	0	0	26104	0	0	0	0	0	0	2031	0	0	0	0	0	18133	0	0	0	0	34769	0	0	0	107306	0
FFQ	119	0	0	0	0	0	0	0	0	0	0	0	0	0	0	27094	0	0	0	0	0	0	2115	0	0	0	0	0	18437	0	0	0	0	35147	0	0	0	105045	0
FFQ	120	0	0	0	0	0	0	0	0	0	0	0	0	0	0	27173	0	0	0	0	0	0	2154	0	0	0	0	0	19233	0	0	0	0	36148	0	0	0	102613	0
FFQ	121	0	0	0	0	0	0	0	0	0	0	0	0	0	0	26925	0	0	0	0	0	0	2018	0	0	0	0	0	19160	0	0	0	0	36157	0	0	0	102505	0
FFQ	122	0	0	0	0	0	0	0	0	0	0	0	0	0	0	27585	0	0	0	0	0	0	2179	0	0	0	0	0	19971	0	0	0	0	36643	0	0	0	99855	0
FFQ	123	0	0	0	0	0	0	0	0	0	0	0	0	0	0	27644	0	0	0	0	0	0	2062	0	0	0	0	0	20901	0	0	0	0	37641	0	0	0	97453	0
FFQ	124	0	0	0	0	0	0	0	0	0	0	0	0	0	0	27327	0	0	0	0	0	0	2173	0	0	0	0	0	21336	0	0	0	0	38416	0	0	0	95925	0
FFQ	125	0	0	0	0	0	0	0	0	0	0	0	0	0	0	27890	0	0	0	0	0	0	2246	0	0	0	0	0	21972	0	0	0	0	38920	0	0	0	93609	0
FFQ	126	0	0	0	0	0	0	0	0	0	0	0	0	0	0	27600	0	0	0	0	0	0	2460	0	0	0	0	0	22550	0	0	0	0	40021	0	0	0	91503	0
FFQ	127	0	0	0	0	0	0	0	0	0	0	0	0	0	0	28063	0	0	0	0	0	0	2495	0	0	0	0	0	23336	0	0	0	0	40552	0	0	0	89108	0
FFQ	128	0	0	0	0	0	0	0	0	0	0	0	0	0	0	28169	0	0	0	0	0	0	2608	0	0	0	0	0	23627	0	0	0	0	41031	0	0	0	87571	0
FFQ	129	0	0	0	0	0	0	0	0	0	0	0	0	0	0	28300	0	0	0	0	0	0	2904	0	0	0	0	0	23830	0	0	0	0	42067	0	0	0	85370	0
FFQ	130	0	0	0	0	0	0	0	0	0	0	0	0	0	0	27884	0	0	0	0	0	0	3186	0	0	0	0	0	24351	0	0	0	0	43337	0	0	0	83155	0
FFQ	131	0	0	0	0	0	0	0	0	0	0	0	0	0	0	28007	0	0	0	0	0	0	3383	0	0	0	0	0	24693	0	0	0	0	44177	0	0	0	81075	0
FFQ	132	0	0	0	0	0	0	0	0	0	0	0	0	0	0	28327	0	0	0	0	0	0	3727	0	0	0	0	0	25143	0	0	0	0	45009	0	0	0	78593	0
FFQ	133	0	0	0	0	0	0	0	0	0	0	0	0	0	0	28810	0	0	0	0	0	0	4040	0	0	0	0	0	25280	0	0	0	0	45762	0	0	0	76342	0
FFQ	134	0	0	0	0	0	0	0	0	0	0	0	0	0	0	29022	0	0	0	0	0	0	4298	0	0	0	0	0	25557	0	0	0	0	47267	0	0	0	73550	0
FFQ	135	0	0	0	0	0	0	0	0	0	0	0	0	0	0	28860	0	0	0	0	0	0	4639	0	0	0	0	0	25922	0	0	0	0	47851	0	0	0	71863	0
FFQ	136	0	0	0	0	0	0	0	0	0	0	0	0	0	0	28906	0	0	0	0	0	0	5032	0	0	0	0	0	26305	0	0	0	0	48860	0	0	0	69565	0
FFQ	137	0	0	0	0	0	0	0	0	0	0	0	0	0	0	29060	0	0	0	0	0	0	5189	0	0	0	0	0	26115	0	0	0	0	49233	0	0	0	68616	0
FFQ	138	0	0	0	0	0	0	0	0	0	0	0	0	0	0	29041	0	0	0	0	0	0	5295	0	0	0	0	0	26311	0	0	0	0	49846	0	0	0	67263	0
FFQ	139	0	0	0	0	0	0	0	0	0	0	0	0	0	0	29021	0	0	0	0	0	0	5843	0	0	0	0	0	26387	0	0	0	0	50406	0	0	0	65625	0
FFQ	140	0	0	0	0	0	0	0	0	0	0	0	0	0	0	29127	0	0	0	0	0	0	5930	0	0	0	0	0	26397	0	0	0	0	50965	0	0	0	64430	0
FFQ	141	0	0	0	0	0	0	0	0	0	0	0	0	0	0	29235	0	0	0	0	0	0	6346	0	0	0	0	0	26547	0	0	0	0	51713	0	0	0	62518	0
FFQ	142	0	0	0	0	0	0	0	0	0	0	0	0	0	0	29466	0	0	0	0	0	0	6689	0	0	0	0	0	26049	0	0	0	0	52324	0	0	0	61366	0
FFQ	143	0	0	0	0	0	0	0	0	0	0	0	0	0	0	29998	0	0	0	0	0	0	6791	0	0	0	0	0	26287	0	0	0	0	52560	0	0	0	59731	0
FFQ	144	0	0	0	0	0	0	0	0	0	0	0	0	0	0	29792	0	0	0	0	0	0	6824	0	0	0	0	0	26686	0	0	0	0	52359	0	0	0	59235	0
FFQ	145	0	0	0	0	0	0	0	0	0	0	0	0	0	0	30011	0	0	0	0	0	0	6950	0	0	0	0	0	26500	0	0	0	0	52325	0	0	0	58594	0
FFQ	146	0	0	0	0	0	0	0	0	0	0	0	0	0	0	30572	0	0	0	0	0	0	6991	0	0	0	0	0	26650	0	0	0	0	52625	0	0	0	57057	0
FFQ	147	0	0	0	0	0	0	0	0	0	0	0	0	0	0	30629	0	0	0	0	0	0	7244	0	0	0	0	0	26527	0	0	0	0	52774	0	0	0	56244	0
FFQ	148	0	0	0	0	0	0	0	0	0	0	0	0	0	0	29832	0	0	0	0	0	0	7314	0	0	0	0	0	26501	0	0	0	0	53051	0	0	0	56031	0
FFQ	149	0	0	0	0	0	0	0	0	0	0	0	0	0	0	28229	0	0	0	0	0	0	7359	0	0	0	0	0	26649	0	0	0	0	52974	0	0	0	55131	0
FFQ	150	0	0	0	0	0	0	0	0	0	0	0	0	0	0	19795	0	0	0	0	0	0	7260	0	0	0	0	0	26824	0	0	0	0	52715	0	0	0	54285	0
FFQ	151	0	0	0	0	0	0	0	0	0	0	0	0	0	0	0	0	0	0	0	0	0	12785	0	0	0	0	0	34175	0	0	0	0	42699	0	0	0	23382	0
# Last Fragment Qualities. Use `grep ^LFQ | cut -f 2-` to extract this part.
# Columns correspond to qualities and rows to cycles. First column is the cycle number.
LFQ	1	0	0	0	0	0	0	0	0	0	0	0	0	0	0	52156	0	0	0	0	0	0	6257	0	0	0	0	0	228	0	0	0	0	156742	0	0	0	0	0
LFQ	2	0	0	0	0	0	0	0	0	0	0	0	0	0	0	48861	0	0	0	0	0	0	20657	0	0	0	0	0	390	0	0	0	0	145475	0	0	0	0	0
LFQ	3	0	0	0	0	0	0	0	0	0	0	0	0	0	0	40141	0	0	0	0	0	0	37111	0	0	0	0	0	714	0	0	0	0	137417	0	0	0	0	0
LFQ	4	0	0	0	0	0	0	0	0	0	0	0	0	0	0	29963	0	0	0	0	0	0	37887	0	0	0	0	0	861	0	0	0	0	146660	0	0	0	12	0
LFQ	5	0	0	0	0	0	0	0	0	0	0	0	0	0	0	27481	0	0	0	0	0	0	48903	0	0	0	0	0	1009	0	0	0	0	137901	0	0	0	89	0
LFQ	6	0	0	0	0	0	0	0	0	0	0	0	0	0	0	19322	0	0	0	0	0	0	54718	0	0	0	0	0	1199	0	0	0	0	35476	0	0	0	104668	0
LFQ	7	0	0	0	0	0	0	0	0	0	0	0	0	0	0	20535	0	0	0	0	0	0	49043	0	0	0	0	0	1893	0	0	0	0	37604	0	0	0	106308	0
LFQ	8	0	0	0	0	0	0	0	0	0	0	0	0	0	0	24345	0	0	0	0	0	0	48425	0	0	0	0	0	2514	0	0	0	0	37027	0	0	0	103072	0
LFQ	9	0	0	0	0	0	0	0	0	0	0	0	0	0	0	25379	0	0	0	0	0	0	34482	0	0	0	0	0	2102	0	0	0	0	47197	0	0	0	106223	0
LFQ	10	0	0	0	0	0	0	0	0	0	0	0	0	0	0	33118	0	0	0	0	0	0	39314	0	0	0	0	0	2567	0	0	0	0	44990	0	0	0	95394	0
LFQ	11	0	0	0	0	0	0	0	0	0	0	0	0	0	0	22209	0	0	0	0	0	0	38200	0	0	0	0	0	1512	0	0	0	0	40963	0	0	0	112499	0
LFQ	12	0	0	0	0	0	0	0	0	0	0	0	0	0	0	29923	0	0	0	0	0	0	39757	0	0	0	0	0	2274	0	0	0	0	44031	0	0	0	99398	0
LFQ	13	0	0	0	0	0	0	0	0	0	0	0	0	0	0	26219	0	0	0	0	0	0	37502	0	0	0	0	0	1844	0	0	0	0	44090	0	0	0	105728	0
LFQ	14	0	0	0	0	0	0	0	0	0	0	0	0	0	0	30835	0	0	0	0	0	0	37756	0	0	0	0	0	2413	0	0	0	0	46225	0	0	0	98154	0
LFQ	15	0	0	0	0	0	0	0	0	0	0	0	0	0	0	32834	0	0	0	0	0	0	39394	0	0	0	0	0	2592	0	0	0	0	41815	0	0	0	98748	0
LFQ	16	0	0	0	0	0	0	0	0	0	0	0	0	0	0	32656	0	0	0	0	0	0	40929	0	0	0	0	0	2884	0	0	0	0	40818	0	0	0	98096	0
LFQ	17	0	0	0	0	0	0	0	0	0	0	0	0	0	0	32675	0	0	0	0	0	0	39575	0	0	0	0	0	3322	0	0	0	0	40262	0	0	0	99549	0
LFQ	18	0	0	0	0	0	0	0	0	0	0	0	0	0	0	33660	0	0	0	0	0	0	38051	0	0	0	0	0	3574	0	0	0	0	40621	0	0	0	99477	0
LFQ	19	0	0	0	0	0	0	0	0	0	0	0	0	0	0	34039	0	0	0	0	0	0	36241	0	0	0	0	0	4022	0	0	0	0	40663	0	0	0	100418	0
LFQ	20	0	0	0	0	0	0	0	0	0	0	0	0	0	0	36047	0	0	0	0	0	0	34860	0	0	0	0	0	4115	0	0	0	0	40547	0	0	0	99814	0
LFQ	21	0	0	0	0	0	0	0	0	0	0	0	0	0	0	37338	0	0	0	0	0	0	33399	0	0	0	0	0	4288	0	0	0	0	40438	0	0	0	99920	0
LFQ	22	0	0	0	0	0	0	0	0	0	0	0	0	0	0	38388	0	0	0	0	0	0	32642	0	0	0	0	0	4307	0	0	0	0	40591	0	0	0	99455	0
LFQ	23	0	0	0	0	0	0	0	0	0	0	0	0	0	0	39543	0	0	0	0	0	0	31688	0	0	0	0	0	4344	0	0	0	0	40500	0	0	0	99308	0
LFQ	24	0	0	0	0	0	0	0	0	0	0	0	0	0	0	41081	0	0	0	0	0	0	30566	0	0	0	0	0	4077	0	0	0	0	40439	0	0	0	99220	0
LFQ	25	0	0	0	0	0	0	0	0	0	0	0	0	0	0	41788	0	0	0	0	0	0	30004	0	0	0	0	0	4005	0	0	0	0	40559	0	0	0	99027	0
LFQ	26	0	0	0	0	0	0	0	0	0	0	0	0	0	0	42288	0	0	0	0	0	0	29222	0	0	0	0	0	4196	0	0	0	0	40995	0	0	0	98682	0
LFQ	27	0	0	2	0	0	0	0	0	0	0	0	0	0	0	44195	0	0	0	0	0	0	28319	0	0	0	0	0	4007	0	0	0	0	41048	0	0	0	97812	0
LFQ	28	0	0	1	0	0	0	0	0	0	0	0	0	0	0	44996	0	0	0	0	0	0	27471	0	0	0	0	0	4047	0	0	0	0	41154	0	0	0	97714	0
LFQ	29	0	0	6	0	0	0	0	0	0	0	0	0	0	0	45154	0	0	0	0	0	0	27143	0	0	0	0	0	4094	0	0	0	0	40832	0	0	0	98154	0
LFQ	30	0	0	4	0	0	0	0	0	0	0	0	0	0	0	45838	0	0	0	0	0	0	26771	0	0	0	0	0	4142	0	0	0	0	40887	0	0	0	97741	0
LFQ	31	0	0	5	0	0	0	0	0	0	0	0	0	0	0	46926	0	0	0	0	0	0	26509	0	0	0	0	0	3992	0	0	0	0	40870	0	0	0	97081	0
LFQ	32	0	0	4	0	0	0	0	0	0	0	0	0	0	0	47138	0	0	0	0	0	0	26267	0	0	0	0	0	4276	0	0	0	0	40789	0	0	0	96909	0
LFQ	33	0	0	0	0	0	0	0	0	0	0	0	0	0	0	48382	0	0	0	0	0	0	25588	0	0	0	0	0	4496	0	0	0	0	40447	0	0	0	96470	0
LFQ	34	0	0	1	0	0	0	0	0	0	0	0	0	0	0	48666	0	0	0	0	0	0	25713	0	0	0	0	0	4645	0	0	0	0	40272	0	0	0	96086	0
LFQ	35	0	0	1	0	0	0	0	0	0	0	0	0	0	0	49303	0	0	0	0	0	0	25757	0	0	0	0	0	5156	0	0	0	0	39620	0	0	0	95546	0
LFQ	36	0	0	0	0	0	0	0	0	0	0	0	0	0	0	48660	0	0	0	0	0	0	25933	0	0	0	0	0	5655	0	0	0	0	39414	0	0	0	95721	0
LFQ	37	0	0	0	0	0	0	0	0	0	0	0	0	0	0	47594	0	0	0	0	0	0	25666	0	0	0	0	0	5731	0	0	0	0	38705	0	0	0	94708	0
LFQ	38	0	0	1	0	0	0	0	0	0	0	0	0	0	0	47188	0	0	0	0	0	0	25200	0	0	0	0	0	6050	0	0	0	0	37507	0	0	0	93596	0
LFQ	39	0	0	0	0	0	0	0	0	0	0	0	0	0	0	45949	0	0	0	0	0	0	24810	0	0	0	0	0	6458	0	0	0	0	37070	0	0	0	92565	0
LFQ	40	0	0	5	0	0	0	0	0	0	0	0	0	0	0	45700	0	0	0	0	0	0	24267	0	0	0	0	0	6649	0	0	0	0	36256	0	0	0	91136	0
LFQ	41	0	0	0	0	0	0	0	0	0	0	0	0	0	0	45283	0	0	0	0	0	0	23670	0	0	0	0	0	6783	0	0	0	0	35460	0	0	0	90124	0
LFQ	42	0	0	0	0	0	0	0	0	0	0	0	0	0	0	44677	0	0	0	0	0	0	22799	0	0	0	0	0	7264	0	0	0	0	35520	0	0	0	88543	0
LFQ	43	0	0	0	0	0	0	0	0	0	0	0	0	0	0	44299	0	0	0	0	0	0	22379	0	0	0	0	0	7224	0	0	0	0	35092	0	0	0	87110	0
LFQ	44	0	0	0	0	0	0	0	0	0	0	0	0	0	0	44083	0	0	0	0	0	0	21552	0	0	0	0	0	7518	0	0	0	0	34910	0	0	0	85382	0
LFQ	45	0	0	0	0	0	0	0	0	0	0	0	0	0	0	43577	0	0	0	0	0	0	21106	0	0	0	0	0	7518	0	0	0	0	34930	0	0	0	83834	0
LFQ	46	0	0	0	0	0	0	0	0	0	0	0	0	0	0	43275	0	0	0	0	0	0	20465	0	0	0	0	0	7698	0	0	0	0	35078	0	0	0	82010	0
LFQ	47	0	0	0	0	0	0	0	0	0	0	0	0	0	0	42886	0	0	0	0	0	0	19561	0	0	0	0	0	7843	0	0	0	0	35246	0	0	0	80636	0
LFQ	48	0	0	0	0	0	0	0	0	0	0	0	0	0	0	42201	0	0	0	0	0	0	18963	0	0	0	0	0	7814	0	0	0	0	35866	0	0	0	78987	0
LFQ	49	0	0	0	0	0	0	0	0	0	0	0	0	0	0	41782	0	0	0	0	0	0	18205	0	0	0	0	0	8146	0	0	0	0	36224	0	0	0	77171	0
LFQ	50	0	0	2	0	0	0	0	0	0	0	0	0	0	0	41456	0	0	0	0	0	0	18040	0	0	0	0	0	8444	0	0	0	0	36537	0	0	0	74773	0
LFQ	51	0	0	1	0	0	0	0	0	0	0	0	0	0	0	40467	0	0	0	0	0	0	17464	0	0	0	0	0	8796	0	0	0	0	37590	0	0	0	72717	0
LFQ	52	0	0	0	0	0	0	0	0	0	0	0	0	0	0	40331	0	0	0	0	0	0	16823	0	0	0	0	0	9100	0	0	0	0	37724	0	0	0	70919	0
LFQ	53	0	0	0	0	0	0	0	0	0	0	0	0	0	0	40072	0	0	0	0	0	0	16589	0	0	0	0	0	9381	0	0	0	0	37385	0	0	0	69361	0
LFQ	54	0	0	3	0	0	0	0	0	0	0	0	0	0	0	39304	0	0	0	0	0	0	16494	0	0	0	0	0	10112	0	0	0	0	37824	0	0	0	67051	0
LFQ	55	0	0	0	0	0	0	0	0	0	0	0	0	0	0	38665	0	0	0	0	0	0	15851	0	0	0	0	0	10170	0	0	0	0	38366	0	0	0	65702	0
LFQ	56	0	0	0	0	0	0	0	0	0	0	0	0	0	0	38195	0	0	0	0	0	0	15545	0	0	0	0	0	10419	0	0	0	0	37999	0	0	0	64655	0
LFQ	57	0	0	0	0	0	0	0	0	0	0	0	0	0	0	37806	0	0	0	0	0	0	15393	0	0	0	0	0	10956	0	0	0	0	38340	0	0	0	62362	0
LFQ	58	0	0	3	0	0	0	0	0	0	0	0	0	0	0	37446	0	0	0	0	0	0	15167	0	0	0	0	0	11570	0	0	0	0	38209	0	0	0	60671	0
LFQ	59	0	0	2	0	0	0	0	0	0	0	0	0	0	0	36632	0	0	0	0	0	0	14882	0	0	0	0	0	11923	0	0	0	0	37739	0	0	0	59940	0
LFQ	60	0	0	2	0	0	0	0	0	0	0	0	0	0	0	36414	0	0	0	0	0	0	14350	0	0	0	0	0	12209	0	0	0	0	37399	0	0	0	58789	0
LFQ	61	0	0	3	0	0	0	0	0	0	0	0	0	0	0	36344	0	0	0	0	0	0	13839	0	0	0	0	0	11981	0	0	0	0	37399	0	0	0	57729	0
LFQ	62	0	0	1	0	0	0	0	0	0	0	0	0	0	0	35590	0	0	0	0	0	0	13498	0	0	0	0	0	12604	0	0	0	0	36710	0	0	0	57109	0
LFQ	63	0	0	2	0	0	0	0	0	0	0	0	0	0	0	35256	0	0	0	0	0	0	12908	0	0	0	0	0	12581	0	0	0	0	36570	0	0	0	56330	0
LFQ	64	0	0	1	0	0	0	0	0	0	0	0	0	0	0	34856	0	0	0	0	0	0	12538	0	0	0	0	0	12480	0	0	0	0	36477	0	0	0	55412	0
LFQ	65	0	0	2	0	0	0	0	0	0	0	0	0	0	0	34975	0	0	0	0	0	0	11921	0	0	0	0	0	12723	0	0	0	0	35749	0	0	0	54523	0
LFQ	66	0	0	2	0	0	0	0	0	0	0	0	0	0	0	34523	0	0	0	0	0	0	10916	0	0	0	0	0	12886	0	0	0	0	35613	0	0	0	54108	0
LFQ	67	0	0	0	0	0	0	0	0	0	0	0	0	0	0	34483	0	0	0	0	0	0	10331	0	0	0	0	0	12646	0	0	0	0	35015	0	0	0	53717	0
LFQ	68	0	0	0	0	0	0	0	0	0	0	0	0	0	0	34375	0	0	0	0	0	0	9833	0	0	0	0	0	12527	0	0	0	0	34375	0	0	0	53264	0
LFQ	69	0	0	0	0	0	0	0	0	0	0	0	0	0	0	34384	0	0	0	0	0	0	8939	0	0	0	0	0	12481	0	0	0	0	34323	0	0	0	52407	0
LFQ	70	0	0	0	0	0	0	0	0	0	0	0	0	0	0	34223	0	0	0	0	0	0	8563	0	0	0	0	0	12504	0	0	0	0	33878	0	0	0	51472	0
LFQ	71	0	0	0	0	0	0	0	0	0	0	0	0	0	0	33743	0	0	0	0	0	0	7985	0	0	0	0	0	12544	0	0	0	0	33621	0	0	0	50967	0
LFQ	72	0	0	0	0	0	0	0	0	0	0	0	0	0	0	33318	0	0	0	0	0	0	7893	0	0	0	0	0	12003	0	0	0	0	33202	0	0	0	50571	0
LFQ	73	0	0	4	0	0	0	0	0	0	0	0	0	0	0	33088	0	0	0	0	0	0	7444	0	0	0	0	0	12254	0	0	0	0	32601	0	0	0	49810	0
LFQ	74	0	0	1	0	0	0	0	0	0	0	0	0	0	0	32675	0	0	0	0	0	0	7225	0	0	0	0	0	12029	0	0	0	0	32216	0	0	0	49260	0
LFQ	75	0	0	0	0	0	0	0	0	0	0	0	0	0	0	32377	0	0	0	0	0	0	6845	0	0	0	0	0	11963	0	0	0	0	31944	0	0	0	48585	0
LFQ	76	0	0	2	0	0	0	0	0	0	0	0	0	0	0	32240	0	0	0	0	0	0	6488	0	0	0	0	0	11837	0	0	0	0	31750	0	0	0	47668	0
LFQ	77	0	0	1	0	0	0	0	0	0	0	0	0	0	0	31729	0	0	0	0	0	0	6429	0	0	0	0	0	11546	0	0	0	0	31403	0	0	0	47137	0
LFQ	78	0	0	2	0	0	0	0	0	0	0	0	0	0	0	31340	0	0	0	0	0	0	6340	0	0	0	0	0	11898	0	0	0	0	30868	0	0	0	46166	0
LFQ	79	0	0	2	0	0	0	0	0	0	0	0	0	0	0	30998	0	0	0	0	0	0	6255	0	0	0	0	0	11726	0	0	0	0	30917	0	0	0	45070	0
LFQ	80	0	0	0	0	0	0	0	0	0	0	0	0	0	0	30307	0	0	0	0	0	0	5931	0	0	0	0	0	11669	0	0	0	0	30465	0	0	0	45072	0
LFQ	81	0	0	1	0	0	0	0	0	0	0	0	0	0	0	30008	0	0	0	0	0	0	5972	0	0	0	0	0	11551	0	0	0	0	30210	0	0	0	44173	0
LFQ	82	0	0	2	0	0	0	0	0	0	0	0	0	0	0	29896	0	0	0	0	0	0	5819	0	0	0	0	0	11655	0	0	0	0	29710	0	0	0	43291	0
LFQ	83	0	0	0	0	0	0	0	0	0	0	0	0	0	0	29112	0	0	0	0	0	0	5743	0	0	0	0	0	11938	0	0	0	0	29580	0	0	0	42432	0
LFQ	84	0	0	0	0	0	0	0	0	0	0	0	0	0	0	28633	0	0	0	0	0	0	5522	0	0	0	0	0	11903	0	0	0	0	29475	0	0	0	41754	0
LFQ	85	0	0	1	0	0	0	0	0	0	0	0	0	0	0	28482	0	0	0	0	0	0	5529	0	0	0	0	0	11691	0	0	0	0	28990	0	0	0	41139	0
LFQ	86	0	0	1	0	0	0	0	0	0	0	0	0	0	0	28184	0	0	0	0	0	0	5412	0	0	0	0	0	11476	0	0	0	0	28430	0	0	0	40937	0
LFQ	87	0	0	0	0	0	0	0	0	0	0	0	0	0	0	27687	0	0	0	0	0	0	5311	0	0	0	0	0	12217	0	0	0	0	27620	0	0	0	40232	0
LFQ	88	0	0	0	0	0	0	0	0	0	0	0	0	0	0	27115	0	0	0	0	0	0	5217	0	0	0	0	0	12176	0	0	0	0	27537	0	0	0	39641	0
LFQ	89	0	0	0	0	0	0	0	0	0	0	0	0	0	0	26829	0	0	0	0	0	0	5141	0	0	0	0	0	12245	0	0	0	0	26946	0	0	0	39207	0
LFQ	90	0	0	0	0	0	0	0	0	0	0	0	0	0	0	26615	0	0	0	0	0	0	5150	0	0	0	0	0	12524	0	0	0	0	26348	0	0	0	38432	0
LFQ	91	0	0	0	0	0	0	0	0	0	0	0	0	0	0	26265	0	0	0	0	0	0	4983	0	0	0	0	0	12896	0	0	0	0	25851	0	0	0	37718	0
LFQ	92	0	0	0	0	0	0	0	0	0	0	0	0	0	0	25996	0	0	0	0	0	0	4847	0	0	0	0	0	13308	0	0	0	0	25246	0	0	0	37018	0
LFQ	93	0	0	0	0	0	0	0	0	0	0	0	0	0	0	25986	0	0	0	0	0	0	4797	0	0	0	0	0	13340	0	0	0	0	24722	0	0	0	36299	0
LFQ	94	0	0	1	0	0	0	0	0	0	0	0	0	0	0	25410	0	0	0	0	0	0	4526	0	0	0	0	0	13942	0	0	0	0	24240	0	0	0	35727	0
LFQ	95	0	0	0	0	0	0	0	0	0	0	0	0	0	0	24994	0	0	0	0	0	0	4475	0	0	0	0	0	13964	0	0	0	0	24212	0	0	0	34818	0
LFQ	96	0	0	0	0	0	0	0	0	0	0	0	0	0	0	24858	0	0	0	0	0	0	4356	0	0	0	0	0	14549	0	0	0	0	23406	0	0	0	34089	0
LFQ	97	0	0	4	0	0	0	0	0	0	0	0	0	0	0	24849	0	0	0	0	0	0	4221	0	0	0	0	0	14465	0	0	0	0	23055	0	0	0	33302	0
LFQ	98	0	0	1	0	0	0	0	0	0	0	0	0	0	0	24151	0	0	0	0	0	0	3945	0	0	0	0	0	15102	0	0	0	0	23143	0	0	0	32284	0
LFQ	99	0	0	1	0	0	0	0	0	0	0	0	0	0	0	24310	0	0	0	0	0	0	3866	0	0	0	0	0	14900	0	0	0	0	22861	0	0	0	31403	0
LFQ	100	0	0	0	0	0	0	0	0	0	0	0	0	0	0	23882	0	0	0	0	0	0	3614	0	0	0	0	0	14863	0	0	0	0	23009	0	0	0	30710	0
LFQ	101	0	0	2	0	0	0	0	0	0	0	0	0	0	0	23768	0	0	0	0	0	0	3556	0	0	0	0	0	15099	0	0	0	0	22367	0	0	0	30069	0
LFQ	102	0	0	2	0	0	0	0	0	0	0	0	0	0	0	23289	0	0	0	0	0	0	3328	0	0	0	0	0	15544	0	0	0	0	22540	0	0	0	28862	0
LFQ	103	0	0	0	0	0	0	0	0	0	0	0	0	0	0	23016	0	0	0	0	0	0	3175	0	0	0	0	0	15661	0	0	0	0	22306	0	0	0	28169	0
LFQ	104	0	0	0	0	0	0	0	0	0	0	0	0	0	0	23029	0	0	0	0	0	0	3032	0	0	0	0	0	15921	0	0	0	0	22032	0	0	0	27012	0
LFQ	105	0	0	0	0	0	0	0	0	0	0	0	0	0	0	22664	0	0	0	0	0	0	2977	0	0	0	0	0	15855	0	0	0	0	21698	0	0	0	26499	0
LFQ	106	0	0	2	0	0	0	0	0	0	0	0	0	0	0	22569	0	0	0	0	0	0	2794	0	0	0	0	0	16155	0	0	0	0	21399	0	0	0	25509	0
LFQ	107	0	0	0	0	0	0	0	0	0	0	0	0	0	0	22281	0	0	0	0	0	0	2724	0	0	0	0	0	16447	0	0	0	0	21387	0	0	0	24380	0
LFQ	108	0	0	0	0	0	0	0	0	0	0	0	0	0	0	22064	0	0	0	0	0	0	2537	0	0	0	0	0	16736	0	0	0	0	21007	0	0	0	23606	0
LFQ	109	0	0	1	0	0	0	0	0	0	0	0	0	0	0	21563	0	0	0	0	0	0	2664	0	0	0	0	0	17105	0	0	0	0	20932	0	0	0	22483	0
LFQ	110	0	0	0	0	0	0	0	0	0	0	0	0	0	0	21355	0	0	0	0	0	0	2606	0	0	0	0	0	17237	0	0	0	0	20809	0	0	0	21489	0
LFQ	111	0	0	2	0	0	0	0	0	0	0	0	0	0	0	21558	0	0	0	0	0	0	2642	0	0	0	0	0	16812	0	0	0	0	20236	0	0	0	21038	0
LFQ	112	0	0	0	0	0	0	0	0	0	0	0	0	0	0	20646	0	0	0	0	0	0	2936	0	0	0	0	0	17063	0	0	0	0	20691	0	0	0	19772	0
LFQ	113	0	0	0	0	0	0	0	0	0	0	0	0	0	0	20340	0	0	0	0	0	0	2833	0	0	0	0	0	17263	0	0	0	0	20366	0	0	0	19196	0
LFQ	114	0	0	0	0	0	0	0	0	0	0	0	0	0	0	20093	0	0	0	0	0	0	2898	0	0	0	0	0	17070	0	0	0	0	20050	0	0	0	18694	0
LFQ	115	0	0	1	0	0	0	0	0	0	0	0	0	0	0	20112	0	0	0	0	0	0	3019	0	0	0	0	0	16866	0	0	0	0	19865	0	0	0	17788	0
LFQ	116	0	0	0	0	0	0	0	0	0	0	0	0	0	0	19720	0	0	0	0	0	0	3185	0	0	0	0	0	16946	0	0	0	0	19539	0	0	0	17214	0
LFQ	117	0	0	0	0	0	0	0	0	0	0	0	0	0	0	19378	0	0	0	0	0	0	3215	0	0	0	0	0	16544	0	0	0	0	19532	0	0	0	16826	0
LFQ	118	0	0	0	0	0	0	0	0	0	0	0	0	0	0	19059	0	0	0	0	0	0	3557	0	0	0	0	0	16576	0	0	0	0	19446	0	0	0	15828	0
LFQ	119	0	0	0	0	0	0	0	0	0	0	0	0	0	0	18893	0	0	0	0	0	0	3620	0	0	0	0	0	16176	0	0	0	0	19306	0	0	0	15508	0
LFQ	120	0	0	0	0	0	0	0	0	0	0	0	0	0	0	18576	0	0	0	0	0	0	4045	0	0	0	0	0	15952	0	0	0	0	19346	0	0	0	14544	0
LFQ	121	0	0	0	0	0	0	0	0	0	0	0	0	0	0	18200	0	0	0	0	0	0	4093	0	0	0	0	0	15570	0	0	0	0	19249	0	0	0	14342	0
LFQ	122	0	0	0	0	0	0	0	0	0	0	0	0	0	0	17962	0	0	0	0	0	0	4245	0	0	0	0	0	15559	0	0	0	0	18775	0	0	0	13931	0
LFQ	123	0	0	0	0	0	0	0	0	0	0	0	0	0	0	17749	0	0	0	0	0	0	4449	0	0	0	0	0	15247	0	0	0	0	18680	0	0	0	13376	0
LFQ	124	0	0	1	0	0	0	0	0	0	0	0	0	0	0	17454	0	0	0	0	0	0	4514	0	0	0	0	0	14961	0	0	0	0	18573	0	0	0	13035	0
LFQ	125	0	0	0	0	0	0	0	0	0	0	0	0	0	0	17323	0	0	0	0	0	0	4523	0	0	0	0	0	14697	0	0	0	0	18370	0	0	0	12691	0
LFQ	126	0	0	0	0	0	0	0	0	0	0	0	0	0	0	17214	0	0	0	0	0	0	4527	0	0	0	0	0	14433	0	0	0	0	18130	0	0	0	12355	0
LFQ	127	0	0	0	0	0	0	0	0	0	0	0	0	0	0	16813	0	0	0	0	0	0	4571	0	0	0	0	0	14226	0	0	0	0	18020	0	0	0	12056	0
LFQ	128	0	0	0	0	0	0	0	0	0	0	0	0	0	0	16606	0	0	0	0	0	0	4602	0	0	0	0	0	14051	0	0	0	0	17706	0	0	0	11842	0
LFQ	129	0	0	0	0	0	0	0	0	0	0	0	0	0	0	16289	0	0	0	0	0	0	4475	0	0	0	0	0	13860	0	0	0	0	17463	0	0	0	11771	0
LFQ	130	0	0	1	0	0	0	0	0	0	0	0	0	0	0	16310	0	0	0	0	0	0	4582	0	0	0	0	0	13550	0	0	0	0	17174	0	0	0	11347	0
LFQ	131	0	0	2	0	0	0	0	0	0	0	0	0	0	0	15875	0	0	0	0	0	0	4588	0	0	0	0	0	13398	0	0	0	0	17037	0	0	0	11203	0
LFQ	132	0	0	0	0	0	0	0	0	0	0	0	0	0	0	15662	0	0	0	0	0	0	4391	0	0	0	0	0	13143	0	0	0	0	16933	0	0	0	11106	0
LFQ	133	0	0	0	0	0	0	0	0	0	0	0	0	0	0	15712	0	0	0	0	0	0	4505	0	0	0	0	0	12963	0	0	0	0	16356	0	0	0	10869	0
LFQ	134	0	0	0	0	0	0	0	0	0	0	0	0	0	0	15390	0	0	0	0	0	0	4481	0	0	0	0	0	12827	0	0	0	0	16267	0	0	0	10596	0
LFQ	135	0	0	1	0	0	0	0	0	0	0	0	0	0	0	15241	0	0	0	0	0	0	4359	0	0	0	0	0	12617	0	0	0	0	16058	0	0	0	10458	0
LFQ	136	0	0	0	0	0	0	0	0	0	0	0	0	0	0	14957	0	0	0	0	0	0	4416	0	0	0	0	0	12423	0	0	0	0	15849	0	0	0	10311	0
LFQ	137	0	0	0	0	0	0	0	0	0	0	0	0	0	0	14660	0	0	0	0	0	0	4367	0	0	0	0	0	12207	0	0	0	0	15674	0	0	0	10316	0
LFQ	138	0	0	0	0	0	0	0	0	0	0	0	0	0	0	14549	0	0	0	0	0	0	4278	0	0	0	0	0	12039	0	0	0	0	15538	0	0	0	10045	0
LFQ	139	0	0	0	0	0	0	0	0	0	0	0	0	0	0	14537	0	0	0	0	0	0	4099	0	0	0	0	0	11850	0	0	0	0	15115	0	0	0	10143	0
LFQ	140	0	0	0	0	0	0	0	0	0	0	0	0	0	0	14242	0	0	0	0	0	0	4131	0	0	0	0	0	11606	0	0	0	0	15123	0	0	0	9950	0
LFQ	141	0	0	0	0	0	0	0	0	0	0	0	0	0	0	14114	0	0	0	0	0	0	4189	0	0	0	0	0	11509	0	0	0	0	14786	0	0	0	9792	0
LFQ	142	0	0	0	0	0	0	0	0	0	0	0	0	0	0	13725	0	0	0	0	0	0	3981	0	0	0	0	0	11498	0	0	0	0	14667	0	0	0	9850	0
LFQ	143	0	0	0	0	0	0	0	0	0	0	0	0	0	0	13504	0	0	0	0	0	0	3935	0	0	0	0	0	11331	0	0	0	0	14602	0	0	0	9662	0
LFQ	144	0	0	0	0	0	0	0	0	0	0	0	0	0	0	13551	0	0	0	0	0	0	3843	0	0	0	0	0	11131	0	0	0	0	14375	0	0	0	9454	0
LFQ	145	0	0	0	0	0	0	0	0	0	0	0	0	0	0	13530	0	0	0	0	0	0	3864	0	0	0	0	0	10938	0	0	0	0	14064	0	0	0	9314	0
LFQ	146	0	0	0	0	0	0	0	0	0	0	0	0	0	0	13346	0	0	0	0	0	0	3666	0	0	0	0	0	10979	0	0	0	0	14004	0	0	0	9060	0
LFQ	147	0	0	0	0	0	0	0	0	0	0	0	0	0	0	12998	0	0	0	0	0	0	3727	0	0	0	0	0	10839	0	0	0	0	13494	0	0	0	9298	0
LFQ	148	0	0	0	0	0	0	0	0	0	0	0	0	0	0	12353	0	0	0	0	0	0	3679	0	0	0	0	0	10543	0	0	0	0	13712	0	0	0	8918	0
LFQ	149	0	0	0	0	0	0	0	0	0	0	0	0	0	0	10555	0	0	0	0	0	0	3643	0	0	0	0	0	10394	0	0	0	0	13161	0	0	0	8781	0
LFQ	150	0	0	0	0	0	0	0	0	0	0	0	0	0	0	4024	0	0	0	0	0	0	3577	0	0	0	0	0	10293	0	0	0	0	13199	0	0	0	8513	0
LFQ	151	0	0	0	0	0	0	0	0	0	0	0	0	0	0	0	0	0	0	0	0	0	4811	0	0	0	0	0	7292	0	0	0	0	5827	0	0	0	2001	0
# GC Content of first fragments. Use `grep ^GCF | cut -f 2-` to extract this part.
GCF	1.01	1
GCF	2.26	0
GCF	2.76	1
GCF	3.52	0
GCF	4.27	1
GCF	4.77	2
GCF	5.28	5
GCF	6.03	6
GCF	6.78	11
GCF	7.29	14
GCF	7.79	18
GCF	8.29	17
GCF	8.79	14
GCF	9.30	18
GCF	9.80	17
GCF	10.30	25
GCF	10.80	37
GCF	11.31	45
GCF	11.81	54
GCF	12.31	68
GCF	12.81	83
GCF	13.32	98
GCF	13.82	99
GCF	14.32	117
GCF	14.82	130
GCF	15.33	161
GCF	15.83	194
GCF	16.33	206
GCF	16.83	249
GCF	17.34	263
GCF	17.84	331
GCF	18.34	367
GCF	18.84	411
GCF	19.35	491
GCF	19.85	599
GCF	20.35	697
GCF	20.85	775
GCF	21.36	906
GCF	21.86	1121
GCF	22.36	1288
GCF	22.86	1427
GCF	23.37	1777
GCF	23.87	2064
GCF	24.37	2370
GCF	24.87	2539
GCF	25.38	2938
GCF	25.88	3413
GCF	26.38	3720
GCF	26.88	3880
GCF	27.39	4344
GCF	27.89	4857
GCF	28.39	5130
GCF	28.89	5564
GCF	29.40	5765
GCF	29.90	6212
GCF	30.40	6472
GCF	30.90	6891
GCF	31.41	7089
GCF	31.91	7399
GCF	32.41	7871
GCF	32.91	8176
GCF	33.42	8163
GCF	33.92	8346
GCF	34.42	8873
GCF	34.92	8835
GCF	35.43	8794
GCF	35.93	8813
GCF	36.43	8869
GCF	36.93	8775
GCF	37.44	8806
GCF	37.94	8652
GCF	38.44	8084
GCF	38.94	7955
GCF	39.45	7998
GCF	39.95	7370
GCF	40.45	6893
GCF	40.95	6443
GCF	41.46	6269
GCF	41.96	6038
GCF	42.46	5556
GCF	42.96	5179
GCF	43.47	4560
GCF	43.97	4469
GCF	44.47	4023
GCF	44.97	3695
GCF	45.48	3214
GCF	45.98	3134
GCF	46.48	2871
GCF	46.98	2516
GCF	47.49	2345
GCF	47.99	2240
GCF	48.49	1930
GCF	48.99	1729
GCF	49.50	1616
GCF	50.00	1509
GCF	50.50	1395
GCF	51.01	1269
GCF	51.51	1198
GCF	52.01	1103
GCF	52.51	1039
GCF	53.02	916
GCF	53.52	881
GCF	54.02	855
GCF	54.52	813
GCF	55.03	730
GCF	55.53	712
GCF	56.03	667
GCF	56.53	585
GCF	57.04	584
GCF	57.54	525
GCF	58.04	519
GCF	58.54	504
GCF	59.05	485
GCF	59.55	461
GCF	60.05	424
GCF	60.55	397
GCF	61.06	360
GCF	61.56	306
GCF	62.06	288
GCF	62.56	273
GCF	63.07	289
GCF	63.82	251
GCF	64.57	231
GCF	65.08	209
GCF	65.58	187
GCF	66.08	163
GCF	66.58	149
GCF	67.09	146
GCF	67.59	139
GCF	68.09	155
GCF	68.59	167
GCF	69.10	144
GCF	69.60	134
GCF	70.10	108
GCF	70.60	95
GCF	71.11	102
GCF	71.61	91
GCF	72.11	70
GCF	72.61	77
GCF	73.12	86
GCF	73.62	72
GCF	74.12	67
GCF	74.62	64
GCF	75.13	46
GCF	75.63	50
GCF	76.13	56
GCF	76.63	44
GCF	77.14	46
GCF	77.64	43
GCF	78.14	40
GCF	78.64	32
GCF	79.15	25
GCF	79.65	22
GCF	80.15	23
GCF	80.90	30
GCF	81.66	23
GCF	82.16	21
GCF	82.66	30
GCF	83.17	26
GCF	83.67	24
GCF	84.17	23
GCF	84.67	18
GCF	85.18	14
GCF	85.68	12
GCF	86.18	17
GCF	86.68	13
GCF	87.19	14
GCF	87.69	17
GCF	88.19	15
GCF	88.69	10
GCF	89.20	9
GCF	89.70	6
GCF	90.20	5
GCF	90.95	3
GCF	91.96	4
GCF	92.96	3
GCF	93.72	1
GCF	94.47	2
GCF	95.23	3
GCF	95.73	2
GCF	96.23	3
GCF	96.73	8
GCF	97.24	2
GCF	97.74	1
GCF	98.24	0
GCF	98.74	4
GCF	99.50	1
# GC Content of last fragments. Use `grep ^GCL | cut -f 2-` to extract this part.
GCL	1.01	0
GCL	2.51	2
GCL	3.27	4
GCL	3.77	5
GCL	4.27	6
GCL	4.77	5
GCL	5.28	4
GCL	5.78	7
GCL	6.28	8
GCL	6.78	11
GCL	7.29	13
GCL	7.79	17
GCL	8.29	26
GCL	8.79	23
GCL	9.30	26
GCL	9.80	35
GCL	10.30	51
GCL	10.80	60
GCL	11.31	63
GCL	11.81	71
GCL	12.31	97
GCL	12.81	112
GCL	13.32	138
GCL	13.82	171
GCL	14.32	189
GCL	14.82	233
GCL	15.33	265
GCL	15.83	307
GCL	16.33	330
GCL	16.83	423
GCL	17.34	498
GCL	17.84	585
GCL	18.34	655
GCL	18.84	795
GCL	19.35	929
GCL	19.85	1106
GCL	20.35	1273
GCL	20.85	1476
GCL	21.36	1681
GCL	21.86	1967
GCL	22.36	2212
GCL	22.86	2588
GCL	23.37	2927
GCL	23.87	3360
GCL	24.37	3750
GCL	24.87	4157
GCL	25.38	4536
GCL	25.88	4990
GCL	26.38	5357
GCL	26.88	5996
GCL	27.39	6476
GCL	27.89	7068
GCL	28.39	7627
GCL	28.89	8102
GCL	29.40	8575
GCL	29.90	9165
GCL	30.40	9818
GCL	30.90	10306
GCL	31.41	10637
GCL	31.91	11227
GCL	32.41	11706
GCL	32.91	12068
GCL	33.42	12640
GCL	33.92	13082
GCL	34.42	13669
GCL	34.92	13845
GCL	35.43	13666
GCL	35.93	13953
GCL	36.43	14212
GCL	36.93	14260
GCL	37.44	14180
GCL	37.94	14052
GCL	38.44	13796
GCL	38.94	13502
GCL	39.45	13344
GCL	39.95	13007
GCL	40.45	12407
GCL	40.95	12011
GCL	41.46	11455
GCL	41.96	11032
GCL	42.46	10351
GCL	42.96	9804
GCL	43.47	9382
GCL	43.97	8858
GCL	44.47	8324
GCL	44.97	7784
GCL	45.48	7171
GCL	45.98	6592
GCL	46.48	6143
GCL	46.98	5701
GCL	47.49	5307
GCL	47.99	4907
GCL	48.49	4487
GCL	48.99	3991
GCL	49.50	3816
GCL	50.00	3393
GCL	50.50	3310
GCL	51.01	2950
GCL	51.51	2726
GCL	52.01	2583
GCL	52.51	2283
GCL	53.02	2133
GCL	53.52	2018
GCL	54.02	1857
GCL	54.52	1664
GCL	55.03	1530
GCL	55.53	1397
GCL	56.03	1331
GCL	56.53	1258
GCL	57.04	1225
GCL	57.54	1117
GCL	58.04	1010
GCL	58.54	905
GCL	59.05	841
GCL	59.55	742
GCL	60.05	684
GCL	60.55	635
GCL	61.06	589
GCL	61.56	566
GCL	62.06	540
GCL	62.56	493
GCL	63.07	436
GCL	63.57	406
GCL	64.07	364
GCL	64.57	340
GCL	65.08	311
GCL	65.83	296
GCL	66.58	269
GCL	67.09	262
GCL	67.59	269
GCL	68.09	250
GCL	68.59	218
GCL	69.10	182
GCL	69.60	159
GCL	70.10	164
GCL	70.60	143
GCL	71.11	136
GCL	71.61	132
GCL	72.11	114
GCL	72.61	105
GCL	73.12	103
GCL	73.62	100
GCL	74.12	93
GCL	74.62	82
GCL	75.13	71
GCL	75.63	72
GCL	76.13	69
GCL	76.88	65
GCL	77.64	52
GCL	78.14	43
GCL	78.64	42
GCL	79.40	43
GCL	80.15	42
GCL	80.65	34
GCL	81.16	22
GCL	81.66	21
GCL	82.16	17
GCL	82.66	18
GCL	83.17	12
GCL	83.67	13
GCL	84.42	9
GCL	85.18	4
GCL	85.68	5
GCL	86.18	3
GCL	86.68	5
GCL	87.19	3
GCL	87.69	4
GCL	88.19	3
GCL	88.94	2
GCL	90.45	0
GCL	91.71	1
GCL	92.21	2
GCL	92.71	3
GCL	93.47	4
GCL	94.47	3
GCL	95.23	5
GCL	95.73	6
GCL	96.23	7
GCL	96.73	8
GCL	97.24	12
GCL	97.74	17
GCL	98.24	30
GCL	98.74	52
GCL	99.50	69
# ACGT content per cycle. Use `grep ^GCC | cut -f 2-` to extract this part. The columns are: cycle; A,C,G,T base counts as a percentage of all A/C/G/T bases [%]; and N and O counts as a percentage of all A/C/G/T bases [%]
GCC	1	21.80	28.20	28.81	21.20	0.00	0.00
GCC	2	32.85	16.84	16.79	33.52	0.00	0.00
GCC	3	32.79	17.24	17.15	32.83	0.00	0.00
GCC	4	32.89	16.88	16.45	33.78	0.00	0.00
GCC	5	36.54	13.45	13.28	36.73	0.00	0.00
GCC	6	32.97	17.20	17.50	32.33	0.00	0.00
GCC	7	31.77	18.01	18.48	31.74	0.00	0.00
GCC	8	32.09	18.13	18.30	31.48	0.00	0.00
GCC	9	24.40	25.70	25.34	24.56	0.00	0.00
GCC	10	33.26	16.72	16.66	33.37	0.00	0.00
GCC	11	29.18	20.63	21.27	28.92	0.00	0.00
GCC	12	31.67	18.21	18.28	31.84	0.00	0.00
GCC	13	28.86	20.99	21.09	29.06	0.00	0.00
GCC	14	28.59	21.31	21.34	28.75	0.00	0.00
GCC	15	30.54	19.54	19.66	30.26	0.00	0.00
GCC	16	31.78	18.32	18.44	31.46	0.00	0.00
GCC	17	31.96	17.93	18.15	31.96	0.00	0.00
GCC	18	31.94	18.05	18.12	31.90	0.00	0.00
GCC	19	31.71	18.25	18.35	31.69	0.00	0.00
GCC	20	31.58	18.40	18.62	31.40	0.00	0.00
GCC	21	31.46	18.51	18.53	31.49	0.00	0.00
GCC	22	31.54	18.49	18.57	31.40	0.00	0.00
GCC	23	31.59	18.50	18.53	31.39	0.00	0.00
GCC	24	31.61	18.36	18.49	31.54	0.00	0.00
GCC	25	31.46	18.53	18.67	31.34	0.00	0.00
GCC	26	31.54	18.49	18.59	31.38	0.00	0.00
GCC	27	31.59	18.40	18.51	31.50	0.00	0.00
GCC	28	31.63	18.29	18.56	31.53	0.00	0.00
GCC	29	31.53	18.55	18.59	31.33	0.00	0.00
GCC	30	31.54	18.41	18.55	31.50	0.00	0.00
GCC	31	31.51	18.60	18.49	31.40	0.00	0.00
GCC	32	31.43	18.41	18.71	31.45	0.00	0.00
GCC	33	31.57	18.44	18.53	31.45	0.00	0.00
GCC	34	31.68	18.37	18.51	31.44	0.00	0.00
GCC	35	31.66	18.38	18.43	31.54	0.00	0.00
GCC	36	31.60	18.42	18.46	31.52	0.00	0.00
GCC	37	31.71	18.35	18.48	31.46	0.00	0.00
GCC	38	31.67	18.27	18.52	31.54	0.00	0.00
GCC	39	31.51	18.42	18.54	31.52	0.00	0.00
GCC	40	31.61	18.34	18.41	31.64	0.00	0.00
GCC	41	31.60	18.44	18.51	31.45	0.00	0.00
GCC	42	31.66	18.39	18.35	31.61	0.00	0.00
GCC	43	31.74	18.32	18.43	31.51	0.00	0.00
GCC	44	31.59	18.35	18.41	31.65	0.00	0.00
GCC	45	31.52	18.36	18.47	31.66	0.00	0.00
GCC	46	31.58	18.30	18.52	31.60	0.00	0.00
GCC	47	31.58	18.38	18.48	31.57	0.00	0.00
GCC	48	31.66	18.33	18.37	31.64	0.00	0.00
GCC	49	31.58	18.32	18.42	31.68	0.00	0.00
GCC	50	31.76	18.21	18.40	31.63	0.00	0.00
GCC	51	31.73	18.18	18.37	31.72	0.00	0.00
GCC	52	31.63	18.37	18.46	31.54	0.00	0.00
GCC	53	31.71	18.25	18.36	31.68	0.00	0.00
GCC	54	31.76	18.28	18.27	31.70	0.00	0.00
GCC	55	31.81	18.20	18.34	31.65	0.00	0.00
GCC	56	31.77	18.25	18.38	31.61	0.00	0.00
GCC	57	31.76	18.26	18.34	31.64	0.00	0.00
GCC	58	31.60	18.17	18.50	31.73	0.00	0.00
GCC	59	31.67	18.32	18.43	31.58	0.00	0.00
GCC	60	31.69	18.36	18.37	31.58	0.00	0.00
GCC	61	31.64	18.25	18.50	31.61	0.00	0.00
GCC	62	31.67	18.30	18.28	31.75	0.00	0.00
GCC	63	31.82	18.31	18.19	31.69	0.00	0.00
GCC	64	31.91	18.23	18.35	31.51	0.00	0.00
GCC	65	31.73	18.27	18.38	31.61	0.00	0.00
GCC	66	31.82	18.19	18.38	31.60	0.00	0.00
GCC	67	31.75	18.20	18.46	31.59	0.00	0.00
GCC	68	31.70	18.26	18.36	31.68	0.00	0.00
GCC	69	31.62	18.24	18.39	31.76	0.00	0.00
GCC	70	31.64	18.25	18.43	31.67	0.00	0.00
GCC	71	31.68	18.26	18.42	31.63	0.00	0.00
GCC	72	31.80	18.04	18.39	31.76	0.00	0.00
GCC	73	31.76	18.30	18.40	31.53	0.00	0.00
GCC	74	31.73	18.21	18.53	31.53	0.00	0.00
GCC	75	31.78	18.24	18.35	31.62	0.00	0.00
GCC	76	31.61	18.29	18.34	31.76	0.00	0.00
GCC	77	31.81	18.18	18.36	31.65	0.00	0.00
GCC	78	31.76	18.30	18.31	31.63	0.00	0.00
GCC	79	31.76	18.35	18.21	31.68	0.00	0.00
GCC	80	31.79	18.10	18.47	31.64	0.00	0.00
GCC	81	31.82	18.33	18.31	31.54	0.00	0.00
GCC	82	31.69	18.28	18.32	31.71	0.00	0.00
GCC	83	31.64	18.23	18.37	31.77	0.00	0.00
GCC	84	31.68	18.23	18.37	31.72	0.00	0.00
GCC	85	31.85	18.14	18.22	31.79	0.00	0.00
GCC	86	31.69	18.21	18.34	31.76	0.00	0.00
GCC	87	31.84	18.25	18.32	31.58	0.00	0.00
GCC	88	31.61	18.23	18.44	31.72	0.00	0.00
GCC	89	31.77	18.27	18.33	31.64	0.00	0.00
GCC	90	31.91	18.17	18.34	31.59	0.00	0.00
GCC	91	31.82	18.20	18.33	31.65	0.00	0.00
GCC	92	31.83	18.15	18.26	31.76	0.00	0.00
GCC	93	31.78	18.28	18.21	31.72	0.00	0.00
GCC	94	31.74	18.14	18.42	31.69	0.00	0.00
GCC	95	31.78	18.17	18.24	31.81	0.00	0.00
GCC	96	31.71	18.17	18.45	31.67	0.00	0.00
GCC	97	31.75	18.18	18.31	31.76	0.00	0.00
GCC	98	31.85	18.12	18.39	31.64	0.00	0.00
GCC	99	31.82	18.12	18.31	31.75	0.00	0.00
GCC	100	31.74	18.18	18.30	31.78	0.00	0.00
GCC	101	31.64	18.22	18.46	31.69	0.00	0.00
GCC	102	31.96	18.25	18.22	31.56	0.00	0.00
GCC	103	31.78	18.18	18.38	31.66	0.00	0.00
GCC	104	31.85	18.14	18.22	31.80	0.00	0.00
GCC	105	31.71	18.15	18.30	31.85	0.00	0.00
GCC	106	31.79	18.10	18.22	31.89	0.00	0.00
GCC	107	31.91	18.23	18.25	31.62	0.00	0.00
GCC	108	31.95	18.16	18.30	31.60	0.00	0.00
GCC	109	31.73	18.27	18.31	31.70	0.00	0.00
GCC	110	31.72	18.15	18.37	31.76	0.00	0.00
GCC	111	31.72	18.11	18.36	31.81	0.00	0.00
GCC	112	31.80	18.17	18.20	31.83	0.00	0.00
GCC	113	31.96	18.13	18.11	31.80	0.00	0.00
GCC	114	31.83	18.26	18.18	31.73	0.00	0.00
GCC	115	31.82	18.32	18.09	31.77	0.00	0.00
GCC	116	31.80	18.26	18.20	31.75	0.00	0.00
GCC	117	31.92	18.13	18.30	31.65	0.00	0.00
GCC	118	31.88	18.06	18.32	31.73	0.00	0.00
GCC	119	31.80	18.36	18.20	31.64	0.00	0.00
GCC	120	31.86	18.23	18.09	31.82	0.00	0.00
GCC	121	31.81	18.18	18.18	31.83	0.00	0.00
GCC	122	31.82	18.18	18.26	31.74	0.00	0.00
GCC	123	31.69	18.10	18.28	31.94	0.00	0.00
GCC	124	31.97	18.10	18.15	31.78	0.00	0.00
GCC	125	31.83	18.14	18.15	31.88	0.00	0.00
GCC	126	32.09	18.02	18.16	31.73	0.00	0.00
GCC	127	31.84	18.13	18.29	31.75	0.00	0.00
GCC	128	31.98	18.02	18.23	31.78	0.00	0.00
GCC	129	31.97	18.07	18.13	31.82	0.00	0.00
GCC	130	31.85	18.16	18.30	31.69	0.00	0.00
GCC	131	31.81	18.17	18.21	31.81	0.00	0.00
GCC	132	31.84	18.03	18.17	31.96	0.00	0.00
GCC	133	31.85	18.09	18.25	31.81	0.00	0.00
GCC	134	31.65	18.21	18.22	31.91	0.00	0.00
GCC	135	31.86	18.17	18.17	31.79	0.00	0.00
GCC	136	31.78	18.10	18.27	31.85	0.00	0.00
GCC	137	31.82	18.00	18.22	31.96	0.00	0.00
GCC	138	31.89	18.12	18.22	31.77	0.00	0.00
GCC	139	31.86	18.16	18.28	31.70	0.00	0.00
GCC	140	31.77	18.21	18.25	31.77	0.00	0.00
GCC	141	31.88	18.16	18.25	31.71	0.00	0.00
GCC	142	31.76	18.21	18.21	31.82	0.00	0.00
GCC	143	31.80	18.16	18.10	31.95	0.00	0.00
GCC	144	32.02	17.90	18.07	32.01	0.00	0.00
GCC	145	31.89	18.01	18.17	31.93	0.00	0.00
GCC	146	31.99	18.04	18.23	31.73	0.00	0.00
GCC	147	32.04	17.92	18.09	31.95	0.00	0.00
GCC	148	31.85	18.15	18.24	31.76	0.00	0.00
GCC	149	31.77	18.19	18.05	31.99	0.00	0.00
GCC	150	31.42	18.34	18.38	31.86	0.00	0.00
GCC	151	32.00	17.90	17.91	32.18	0.00	0.00
# ACGT content per cycle, read oriented. Use `grep ^GCT | cut -f 2-` to extract this part. The columns are: cycle; A,C,G,T base counts as a percentage of all A/C/G/T bases [%]
GCT	1	27.76	23.59	33.42	15.23
GCT	2	26.51	19.24	14.40	39.86
GCT	3	31.92	19.45	14.94	33.69
GCT	4	22.63	21.66	11.67	44.04
GCT	5	33.23	16.02	10.71	40.04
GCT	6	41.31	13.17	21.53	23.98
GCT	7	34.00	15.58	20.91	29.52
GCT	8	37.29	16.50	19.93	26.28
GCT	9	20.95	29.83	21.21	28.01
GCT	10	30.23	19.20	14.17	36.39
GCT	11	28.57	15.63	26.28	29.53
GCT	12	29.40	18.36	18.13	34.11
GCT	13	26.75	19.99	22.09	31.17
GCT	14	26.34	24.59	18.07	31.00
GCT	15	33.75	19.79	19.41	27.05
GCT	16	34.31	18.20	18.55	28.93
GCT	17	32.87	17.79	18.30	31.04
GCT	18	32.36	17.87	18.29	31.48
GCT	19	32.01	17.78	18.82	31.39
GCT	20	31.77	18.25	18.77	31.22
GCT	21	31.61	18.13	18.91	31.35
GCT	22	31.64	18.12	18.94	31.30
GCT	23	31.61	18.10	18.93	31.36
GCT	24	31.85	18.09	18.76	31.30
GCT	25	31.66	18.22	18.97	31.15
GCT	26	31.78	18.17	18.91	31.14
GCT	27	31.91	18.04	18.87	31.18
GCT	28	31.93	18.19	18.66	31.22
GCT	29	31.47	18.28	18.85	31.39
GCT	30	31.71	18.11	18.85	31.33
GCT	31	31.60	18.30	18.80	31.31
GCT	32	31.55	18.18	18.94	31.33
GCT	33	31.53	18.26	18.71	31.50
GCT	34	31.59	18.22	18.66	31.53
GCT	35	31.65	18.19	18.62	31.54
GCT	36	31.76	18.09	18.78	31.37
GCT	37	31.72	18.00	18.82	31.46
GCT	38	31.66	18.04	18.75	31.55
GCT	39	31.58	18.32	18.65	31.46
GCT	40	31.55	18.08	18.67	31.70
GCT	41	31.46	18.31	18.64	31.59
GCT	42	31.55	18.12	18.62	31.71
GCT	43	31.55	18.12	18.63	31.70
GCT	44	31.63	18.22	18.54	31.61
GCT	45	31.51	18.21	18.61	31.66
GCT	46	31.66	18.13	18.69	31.52
GCT	47	31.73	18.23	18.62	31.41
GCT	48	31.77	18.05	18.65	31.54
GCT	49	31.56	18.04	18.71	31.70
GCT	50	31.66	18.04	18.57	31.73
GCT	51	31.68	18.02	18.54	31.77
GCT	52	31.50	18.19	18.64	31.66
GCT	53	31.64	18.07	18.54	31.74
GCT	54	31.68	18.05	18.50	31.77
GCT	55	31.79	18.12	18.42	31.67
GCT	56	31.70	18.09	18.53	31.67
GCT	57	31.75	18.18	18.42	31.65
GCT	58	31.63	18.08	18.59	31.70
GCT	59	31.55	18.21	18.54	31.69
GCT	60	31.68	18.30	18.43	31.59
GCT	61	31.54	18.19	18.56	31.70
GCT	62	31.57	18.21	18.37	31.85
GCT	63	31.64	18.08	18.42	31.86
GCT	64	31.56	18.13	18.45	31.86
GCT	65	31.46	18.11	18.54	31.89
GCT	66	31.61	18.10	18.47	31.82
GCT	67	31.54	18.11	18.55	31.80
GCT	68	31.60	18.17	18.44	31.78
GCT	69	31.59	18.05	18.57	31.79
GCT	70	31.57	18.12	18.57	31.74
GCT	71	31.48	18.30	18.39	31.83
GCT	72	31.63	18.07	18.36	31.93
GCT	73	31.48	18.28	18.43	31.81
GCT	74	31.61	18.17	18.57	31.65
GCT	75	31.54	18.23	18.37	31.86
GCT	76	31.49	18.20	18.43	31.89
GCT	77	31.65	18.05	18.48	31.81
GCT	78	31.58	18.17	18.44	31.81
GCT	79	31.45	18.21	18.35	31.99
GCT	80	31.39	18.17	18.39	32.04
GCT	81	31.46	18.21	18.43	31.90
GCT	82	31.52	18.19	18.41	31.87
GCT	83	31.56	18.21	18.38	31.84
GCT	84	31.52	18.21	18.40	31.87
GCT	85	31.65	18.15	18.21	31.99
GCT	86	31.59	18.30	18.25	31.86
GCT	87	31.72	18.15	18.43	31.71
GCT	88	31.55	18.27	18.40	31.79
GCT	89	31.63	18.33	18.27	31.78
GCT	90	31.69	18.18	18.32	31.81
GCT	91	31.59	18.26	18.27	31.88
GCT	92	31.73	18.15	18.26	31.86
GCT	93	31.59	18.26	18.23	31.92
GCT	94	31.53	18.29	18.28	31.91
GCT	95	31.61	18.29	18.12	31.98
GCT	96	31.57	18.22	18.40	31.81
GCT	97	31.58	18.26	18.23	31.94
GCT	98	31.60	18.24	18.27	31.89
GCT	99	31.72	18.20	18.23	31.85
GCT	100	31.65	18.13	18.35	31.87
GCT	101	31.37	18.32	18.35	31.95
GCT	102	31.66	18.29	18.18	31.87
GCT	103	31.44	18.24	18.32	32.00
GCT	104	31.58	18.23	18.12	32.07
GCT	105	31.53	18.23	18.22	32.02
GCT	106	31.63	18.02	18.30	32.05
GCT	107	31.56	18.28	18.20	31.97
GCT	108	31.70	18.23	18.22	31.84
GCT	109	31.61	18.34	18.24	31.81
GCT	110	31.59	18.23	18.29	31.90
GCT	111	31.68	18.28	18.20	31.84
GCT	112	31.68	18.25	18.12	31.95
GCT	113	31.73	18.19	18.05	32.02
GCT	114	31.58	18.10	18.33	31.98
GCT	115	31.67	18.26	18.15	31.92
GCT	116	31.54	18.19	18.27	32.00
GCT	117	31.64	18.16	18.27	31.93
GCT	118	31.47	18.21	18.18	32.14
GCT	119	31.58	18.36	18.21	31.85
GCT	120	31.62	18.16	18.15	32.06
GCT	121	31.60	18.09	18.28	32.03
GCT	122	31.45	18.14	18.30	32.11
GCT	123	31.59	18.14	18.23	32.04
GCT	124	31.74	18.04	18.21	32.01
GCT	125	31.69	18.15	18.14	32.02
GCT	126	31.69	18.13	18.05	32.13
GCT	127	31.53	18.13	18.29	32.05
GCT	128	31.70	18.28	17.97	32.06
GCT	129	31.78	18.11	18.10	32.02
GCT	130	31.64	18.26	18.21	31.90
GCT	131	31.58	18.24	18.14	32.04
GCT	132	31.82	18.15	18.06	31.98
GCT	133	31.63	18.09	18.25	32.03
GCT	134	31.64	18.23	18.20	31.92
GCT	135	31.70	18.23	18.11	31.96
GCT	136	31.69	18.33	18.05	31.93
GCT	137	31.73	18.20	18.02	32.06
GCT	138	31.46	18.31	18.02	32.20
GCT	139	31.50	18.45	17.99	32.06
GCT	140	31.62	18.37	18.09	31.92
GCT	141	31.35	18.22	18.19	32.24
GCT	142	31.32	18.39	18.04	32.25
GCT	143	31.49	18.23	18.02	32.25
GCT	144	31.69	18.10	17.87	32.34
GCT	145	31.56	18.22	17.96	32.26
GCT	146	31.49	18.37	17.91	32.23
GCT	147	31.44	18.23	17.78	32.54
GCT	148	31.40	18.33	18.06	32.21
GCT	149	31.23	18.34	17.90	32.53
GCT	150	30.26	18.56	18.15	33.02
GCT	151	29.00	18.56	17.26	35.18
# ACGT content per cycle for first fragments. Use `grep ^FBC | cut -f 2-` to extract this part. The columns are: cycle; A,C,G,T base counts as a percentage of all A/C/G/T bases [%]; and N and O counts as a percentage of all A/C/G/T bases [%]
FBC	1	21.16	28.92	29.49	20.42	0.00	0.00
FBC	2	32.93	16.87	16.59	33.61	0.00	0.00
FBC	3	33.21	16.82	16.65	33.32	0.00	0.00
FBC	4	33.11	16.70	16.14	34.05	0.00	0.00
FBC	5	35.99	14.03	13.77	36.20	0.00	0.00
FBC	6	33.36	16.79	17.12	32.73	0.00	0.00
FBC	7	32.07	17.61	18.20	32.12	0.00	0.00
FBC	8	32.40	17.91	18.02	31.67	0.00	0.00
FBC	9	24.50	25.68	25.01	24.81	0.00	0.00
FBC	10	33.28	16.80	16.58	33.34	0.00	0.00
FBC	11	29.44	20.46	21.02	29.08	0.00	0.00
FBC	12	31.69	18.20	18.23	31.88	0.00	0.00
FBC	13	28.97	20.91	20.98	29.14	0.00	0.00
FBC	14	28.52	21.31	21.25	28.93	0.00	0.00
FBC	15	30.71	19.48	19.52	30.29	0.00	0.00
FBC	16	31.90	18.40	18.27	31.44	0.00	0.00
FBC	17	32.06	18.01	18.01	31.92	0.00	0.00
FBC	18	31.97	18.09	18.06	31.88	0.00	0.00
FBC	19	31.76	18.15	18.31	31.78	0.00	0.00
FBC	20	31.62	18.52	18.57	31.29	0.00	0.00
FBC	21	31.55	18.55	18.43	31.47	0.00	0.00
FBC	22	31.57	18.48	18.54	31.40	0.00	0.00
FBC	23	31.53	18.53	18.48	31.46	0.00	0.00
FBC	24	31.58	18.41	18.52	31.48	0.00	0.00
FBC	25	31.44	18.64	18.56	31.37	0.00	0.00
FBC	26	31.57	18.42	18.42	31.59	0.00	0.00
FBC	27	31.57	18.37	18.52	31.55	0.00	0.00
FBC	28	31.67	18.40	18.49	31.44	0.00	0.00
FBC	29	31.58	18.60	18.45	31.36	0.00	0.00
FBC	30	31.56	18.31	18.44	31.69	0.00	0.00
FBC	31	31.56	18.62	18.38	31.44	0.00	0.00
FBC	32	31.48	18.55	18.46	31.51	0.00	0.00
FBC	33	31.68	18.42	18.39	31.52	0.00	0.00
FBC	34	31.79	18.36	18.38	31.47	0.00	0.00
FBC	35	31.71	18.50	18.33	31.46	0.00	0.00
FBC	36	31.75	18.41	18.43	31.42	0.00	0.00
FBC	37	31.73	18.46	18.40	31.41	0.00	0.00
FBC	38	31.71	18.34	18.44	31.51	0.00	0.00
FBC	39	31.52	18.41	18.50	31.57	0.00	0.00
FBC	40	31.76	18.36	18.34	31.54	0.00	0.00
FBC	41	31.52	18.47	18.42	31.59	0.00	0.00
FBC	42	31.61	18.40	18.39	31.60	0.00	0.00
FBC	43	31.79	18.34	18.45	31.42	0.00	0.00
FBC	44	31.72	18.41	18.27	31.60	0.00	0.00
FBC	45	31.71	18.34	18.28	31.67	0.00	0.00
FBC	46	31.61	18.36	18.42	31.61	0.00	0.00
FBC	47	31.58	18.36	18.37	31.70	0.00	0.00
FBC	48	31.81	18.22	18.32	31.65	0.00	0.00
FBC	49	31.67	18.31	18.36	31.65	0.00	0.00
FBC	50	31.74	18.28	18.28	31.70	0.00	0.00
FBC	51	31.82	18.26	18.24	31.69	0.00	0.00
FBC	52	31.69	18.37	18.37	31.57	0.00	0.00
FBC	53	31.58	18.33	18.26	31.83	0.00	0.00
FBC	54	31.90	18.20	18.13	31.77	0.00	0.00
FBC	55	31.82	18.20	18.22	31.75	0.00	0.00
FBC	56	31.72	18.37	18.32	31.59	0.00	0.00
FBC	57	31.89	18.28	18.21	31.62	0.00	0.00
FBC	58	31.75	18.10	18.41	31.74	0.00	0.00
FBC	59	31.78	18.41	18.34	31.47	0.00	0.00
FBC	60	31.71	18.39	18.31	31.58	0.00	0.00
FBC	61	31.70	18.29	18.36	31.66	0.00	0.00
FBC	62	31.68	18.26	18.18	31.88	0.00	0.00
FBC	63	31.99	18.25	18.09	31.67	0.00	0.00
FBC	64	31.89	18.31	18.20	31.61	0.00	0.00
FBC	65	31.77	18.16	18.24	31.82	0.00	0.00
FBC	66	31.95	18.09	18.32	31.64	0.00	0.00
FBC	67	31.76	18.16	18.48	31.59	0.00	0.00
FBC	68	31.77	18.29	18.20	31.74	0.00	0.00
FBC	69	31.80	18.19	18.20	31.81	0.00	0.00
FBC	70	31.81	18.30	18.20	31.69	0.00	0.00
FBC	71	31.69	18.18	18.38	31.75	0.00	0.00
FBC	72	31.86	18.13	18.18	31.83	0.00	0.00
FBC	73	31.86	18.26	18.14	31.74	0.00	0.00
FBC	74	31.81	18.18	18.30	31.71	0.00	0.00
FBC	75	31.88	18.11	18.22	31.79	0.00	0.00
FBC	76	31.75	18.30	18.19	31.75	0.00	0.00
FBC	77	31.94	18.08	18.23	31.75	0.00	0.00
FBC	78	31.94	18.17	18.12	31.77	0.00	0.00
FBC	79	31.81	18.28	18.20	31.72	0.00	0.00
FBC	80	31.86	18.02	18.35	31.77	0.00	0.00
FBC	81	32.06	18.19	18.14	31.61	0.00	0.00
FBC	82	31.77	18.32	18.19	31.72	0.00	0.00
FBC	83	31.83	18.19	18.08	31.90	0.00	0.00
FBC	84	31.79	18.12	18.18	31.91	0.00	0.00
FBC	85	31.92	18.14	18.10	31.84	0.00	0.00
FBC	86	31.71	18.16	18.33	31.80	0.00	0.00
FBC	87	32.02	18.16	18.29	31.53	0.00	0.00
FBC	88	31.75	18.19	18.31	31.74	0.00	0.00
FBC	89	31.82	18.25	18.15	31.78	0.00	0.00
FBC	90	31.89	18.13	18.31	31.67	0.00	0.00
FBC	91	32.05	18.15	18.15	31.65	0.00	0.00
FBC	92	32.05	18.06	18.18	31.71	0.00	0.00
FBC	93	31.91	18.29	18.08	31.71	0.00	0.00
FBC	94	31.89	18.02	18.23	31.87	0.00	0.00
FBC	95	31.80	18.15	18.13	31.92	0.00	0.00
FBC	96	31.82	18.14	18.33	31.70	0.00	0.00
FBC	97	31.78	18.09	18.15	31.98	0.00	0.00
FBC	98	31.98	18.12	18.26	31.64	0.00	0.00
FBC	99	31.90	18.07	18.21	31.81	0.00	0.00
FBC	100	31.92	18.12	18.16	31.80	0.00	0.00
FBC	101	31.73	18.18	18.30	31.78	0.00	0.00
FBC	102	32.06	18.15	18.14	31.65	0.00	0.00
FBC	103	31.94	18.13	18.24	31.69	0.00	0.00
FBC	104	31.93	18.11	18.07	31.90	0.00	0.00
FBC	105	31.83	18.03	18.12	32.02	0.00	0.00
FBC	106	32.02	17.98	18.12	31.88	0.00	0.00
FBC	107	32.10	18.11	18.07	31.71	0.00	0.00
FBC	108	32.01	18.13	18.19	31.67	0.00	0.00
FBC	109	31.82	18.26	18.17	31.75	0.00	0.00
FBC	110	31.86	17.95	18.30	31.88	0.00	0.00
FBC	111	31.82	18.04	18.22	31.92	0.00	0.00
FBC	112	31.98	18.03	18.11	31.89	0.00	0.00
FBC	113	32.04	17.98	18.03	31.95	0.00	0.00
FBC	114	31.95	18.13	18.06	31.85	0.00	0.00
FBC	115	31.95	18.20	17.98	31.88	0.00	0.00
FBC	116	31.94	18.08	18.01	31.97	0.00	0.00
FBC	117	32.01	18.09	18.14	31.76	0.00	0.00
FBC	118	31.92	18.00	18.33	31.76	0.00	0.00
FBC	119	31.94	18.31	18.08	31.67	0.00	0.00
FBC	120	31.93	18.07	18.01	31.99	0.00	0.00
FBC	121	31.87	18.15	18.06	31.92	0.00	0.00
FBC	122	31.88	18.16	18.08	31.88	0.00	0.00
FBC	123	31.84	18.05	18.11	31.99	0.00	0.00
FBC	124	32.07	18.08	17.94	31.91	0.00	0.00
FBC	125	31.90	18.06	18.02	32.02	0.00	0.00
FBC	126	32.13	17.87	18.08	31.92	0.00	0.00
FBC	127	31.98	18.01	18.12	31.90	0.00	0.00
FBC	128	32.06	18.01	18.01	31.92	0.00	0.00
FBC	129	32.00	18.03	18.06	31.91	0.00	0.00
FBC	130	31.80	18.11	18.22	31.87	0.00	0.00
FBC	131	31.91	18.11	18.06	31.92	0.00	0.00
FBC	132	31.95	17.97	17.99	32.09	0.00	0.00
FBC	133	31.81	17.97	18.20	32.03	0.00	0.00
FBC	134	31.72	18.17	18.04	32.08	0.00	0.00
FBC	135	31.96	18.05	18.03	31.96	0.00	0.00
FBC	136	31.87	17.99	18.10	32.04	0.00	0.00
FBC	137	31.92	17.91	18.08	32.09	0.00	0.00
FBC	138	32.02	18.05	18.09	31.84	0.00	0.00
FBC	139	31.94	18.16	18.20	31.70	0.00	0.00
FBC	140	31.81	18.13	18.17	31.89	0.00	0.00
FBC	141	31.98	18.11	18.10	31.81	0.00	0.00
FBC	142	31.77	18.10	18.18	31.95	0.00	0.00
FBC	143	31.87	18.12	18.03	31.98	0.00	0.00
FBC	144	32.26	17.74	17.91	32.09	0.00	0.00
FBC	145	32.02	17.93	18.04	32.01	0.00	0.00
FBC	146	32.06	17.98	18.13	31.84	0.00	0.00
FBC	147	32.12	17.89	17.91	32.08	0.00	0.00
FBC	148	31.97	18.02	18.11	31.90	0.00	0.00
FBC	149	31.92	18.00	17.96	32.13	0.00	0.00
FBC	150	31.78	17.99	17.94	32.29	0.00	0.00
FBC	151	32.20	17.71	17.71	32.38	0.00	0.00
# ACGT raw counters for first fragments. Use `grep ^FTC | cut -f 2-` to extract this part. The columns are: A,C,G,T,N base counters
FTC	9599612	5543932	5550370	9577603	5
# ACGT content per cycle for last fragments. Use `grep ^LBC | cut -f 2-` to extract this part. The columns are: cycle; A,C,G,T base counts as a percentage of all A/C/G/T bases [%]; and N and O counts as a percentage of all A/C/G/T bases [%]
LBC	1	22.43	27.47	28.14	21.97	0.00	0.00
LBC	2	32.77	16.81	16.99	33.43	0.00	0.00
LBC	3	32.37	17.66	17.64	32.33	0.00	0.00
LBC	4	32.67	17.06	16.76	33.50	0.00	0.00
LBC	5	37.09	12.87	12.79	37.26	0.00	0.00
LBC	6	32.58	17.62	17.88	31.93	0.00	0.00
LBC	7	31.47	18.41	18.75	31.36	0.00	0.00
LBC	8	31.78	18.35	18.58	31.30	0.00	0.00
LBC	9	24.31	25.71	25.68	24.30	0.00	0.00
LBC	10	33.23	16.64	16.73	33.40	0.00	0.00
LBC	11	28.92	20.80	21.52	28.76	0.00	0.00
LBC	12	31.64	18.22	18.33	31.80	0.00	0.00
LBC	13	28.75	21.07	21.20	28.98	0.00	0.00
LBC	14	28.67	21.31	21.44	28.57	0.00	0.00
LBC	15	30.38	19.59	19.80	30.23	0.00	0.00
LBC	16	31.66	18.24	18.61	31.49	0.00	0.00
LBC	17	31.86	17.86	18.29	31.99	0.00	0.00
LBC	18	31.90	18.01	18.17	31.92	0.00	0.00
LBC	19	31.66	18.35	18.39	31.60	0.00	0.00
LBC	20	31.55	18.27	18.66	31.52	0.00	0.00
LBC	21	31.37	18.48	18.64	31.51	0.00	0.00
LBC	22	31.51	18.49	18.61	31.40	0.00	0.00
LBC	23	31.65	18.46	18.58	31.31	0.00	0.00
LBC	24	31.63	18.31	18.45	31.61	0.00	0.00
LBC	25	31.49	18.41	18.77	31.32	0.00	0.00
LBC	26	31.51	18.57	18.77	31.16	0.00	0.00
LBC	27	31.61	18.44	18.50	31.44	0.00	0.00
LBC	28	31.58	18.17	18.63	31.62	0.00	0.00
LBC	29	31.48	18.49	18.72	31.31	0.00	0.00
LBC	30	31.52	18.51	18.66	31.30	0.00	0.00
LBC	31	31.46	18.59	18.60	31.35	0.00	0.00
LBC	32	31.37	18.27	18.96	31.40	0.00	0.00
LBC	33	31.47	18.47	18.68	31.39	0.00	0.00
LBC	34	31.57	18.37	18.64	31.41	0.00	0.00
LBC	35	31.61	18.25	18.52	31.61	0.00	0.00
LBC	36	31.46	18.42	18.49	31.63	0.00	0.00
LBC	37	31.69	18.24	18.55	31.52	0.00	0.00
LBC	38	31.63	18.19	18.60	31.57	0.00	0.00
LBC	39	31.51	18.44	18.59	31.46	0.00	0.00
LBC	40	31.46	18.33	18.47	31.74	0.00	0.00
LBC	41	31.69	18.41	18.61	31.29	0.00	0.00
LBC	42	31.71	18.38	18.30	31.61	0.00	0.00
LBC	43	31.68	18.29	18.41	31.61	0.00	0.00
LBC	44	31.45	18.28	18.57	31.70	0.00	0.00
LBC	45	31.31	18.38	18.67	31.64	0.00	0.00
LBC	46	31.56	18.22	18.64	31.59	0.00	0.00
LBC	47	31.57	18.40	18.61	31.41	0.00	0.00
LBC	48	31.48	18.45	18.43	31.63	0.00	0.00
LBC	49	31.47	18.33	18.49	31.71	0.00	0.00
LBC	50	31.78	18.13	18.54	31.54	0.00	0.00
LBC	51	31.62	18.10	18.53	31.75	0.00	0.00
LBC	52	31.56	18.36	18.58	31.50	0.00	0.00
LBC	53	31.88	18.17	18.47	31.48	0.00	0.00
LBC	54	31.58	18.37	18.45	31.60	0.00	0.00
LBC	55	31.80	18.19	18.49	31.52	0.00	0.00
LBC	56	31.82	18.10	18.45	31.64	0.00	0.00
LBC	57	31.60	18.24	18.51	31.66	0.00	0.00
LBC	58	31.41	18.26	18.61	31.72	0.00	0.00
LBC	59	31.53	18.21	18.55	31.72	0.00	0.00
LBC	60	31.66	18.32	18.45	31.57	0.00	0.00
LBC	61	31.56	18.20	18.69	31.55	0.00	0.00
LBC	62	31.65	18.35	18.42	31.58	0.00	0.00
LBC	63	31.58	18.39	18.32	31.71	0.00	0.00
LBC	64	31.94	18.13	18.55	31.38	0.00	0.00
LBC	65	31.68	18.43	18.57	31.33	0.00	0.00
LBC	66	31.65	18.34	18.46	31.56	0.00	0.00
LBC	67	31.74	18.25	18.42	31.59	0.00	0.00
LBC	68	31.59	18.21	18.59	31.61	0.00	0.00
LBC	69	31.36	18.30	18.66	31.68	0.00	0.00
LBC	70	31.40	18.18	18.78	31.64	0.00	0.00
LBC	71	31.67	18.39	18.48	31.46	0.00	0.00
LBC	72	31.72	17.91	18.71	31.66	0.00	0.00
LBC	73	31.62	18.37	18.80	31.22	0.00	0.00
LBC	74	31.61	18.25	18.88	31.25	0.00	0.00
LBC	75	31.64	18.45	18.56	31.36	0.00	0.00
LBC	76	31.39	18.26	18.57	31.78	0.00	0.00
LBC	77	31.60	18.34	18.55	31.51	0.00	0.00
LBC	78	31.47	18.51	18.63	31.39	0.00	0.00
LBC	79	31.70	18.46	18.24	31.61	0.00	0.00
LBC	80	31.69	18.23	18.66	31.43	0.00	0.00
LBC	81	31.43	18.56	18.59	31.42	0.00	0.00
LBC	82	31.56	18.21	18.53	31.69	0.00	0.00
LBC	83	31.31	18.29	18.86	31.54	0.00	0.00
LBC	84	31.49	18.42	18.70	31.38	0.00	0.00
LBC	85	31.75	18.14	18.42	31.69	0.00	0.00
LBC	86	31.67	18.29	18.35	31.69	0.00	0.00
LBC	87	31.53	18.43	18.37	31.68	0.00	0.00
LBC	88	31.36	18.30	18.66	31.68	0.00	0.00
LBC	89	31.68	18.29	18.65	31.38	0.00	0.00
LBC	90	31.95	18.23	18.39	31.44	0.00	0.00
LBC	91	31.38	18.29	18.68	31.65	0.00	0.00
LBC	92	31.43	18.31	18.42	31.85	0.00	0.00
LBC	93	31.53	18.26	18.46	31.74	0.00	0.00
LBC	94	31.44	18.38	18.81	31.37	0.00	0.00
LBC	95	31.74	18.21	18.46	31.59	0.00	0.00
LBC	96	31.49	18.22	18.68	31.61	0.00	0.00
LBC	97	31.71	18.35	18.61	31.33	0.00	0.00
LBC	98	31.59	18.11	18.65	31.64	0.00	0.00
LBC	99	31.65	18.23	18.50	31.62	0.00	0.00
LBC	100	31.37	18.32	18.58	31.74	0.00	0.00
LBC	101	31.43	18.29	18.77	31.50	0.00	0.00
LBC	102	31.76	18.46	18.39	31.39	0.00	0.00
LBC	103	31.43	18.31	18.68	31.58	0.00	0.00
LBC	104	31.69	18.20	18.53	31.58	0.00	0.00
LBC	105	31.43	18.41	18.69	31.47	0.00	0.00
LBC	106	31.29	18.36	18.43	31.92	0.00	0.00
LBC	107	31.47	18.49	18.63	31.40	0.00	0.00
LBC	108	31.79	18.23	18.55	31.43	0.00	0.00
LBC	109	31.51	18.29	18.64	31.56	0.00	0.00
LBC	110	31.40	18.59	18.53	31.49	0.00	0.00
LBC	111	31.48	18.29	18.68	31.55	0.00	0.00
LBC	112	31.39	18.52	18.41	31.67	0.00	0.00
LBC	113	31.77	18.48	18.32	31.42	0.00	0.00
LBC	114	31.55	18.55	18.46	31.43	0.00	0.00
LBC	115	31.49	18.62	18.37	31.52	0.00	0.00
LBC	116	31.44	18.69	18.67	31.20	0.00	0.00
LBC	117	31.70	18.25	18.69	31.36	0.00	0.00
LBC	118	31.78	18.24	18.31	31.67	0.00	0.00
LBC	119	31.43	18.51	18.51	31.54	0.00	0.00
LBC	120	31.69	18.64	18.27	31.40	0.00	0.00
LBC	121	31.63	18.28	18.50	31.58	0.00	0.00
LBC	122	31.67	18.24	18.73	31.37	0.00	0.00
LBC	123	31.27	18.21	18.71	31.80	0.00	0.00
LBC	124	31.71	18.17	18.71	31.42	0.00	0.00
LBC	125	31.64	18.37	18.49	31.50	0.00	0.00
LBC	126	32.01	18.41	18.37	31.22	0.00	0.00
LBC	127	31.45	18.46	18.77	31.32	0.00	0.00
LBC	128	31.76	18.04	18.84	31.36	0.00	0.00
LBC	129	31.88	18.21	18.35	31.55	0.00	0.00
LBC	130	31.99	18.31	18.55	31.15	0.00	0.00
LBC	131	31.54	18.32	18.65	31.49	0.00	0.00
LBC	132	31.52	18.20	18.72	31.56	0.00	0.00
LBC	133	31.98	18.46	18.41	31.15	0.00	0.00
LBC	134	31.47	18.33	18.78	31.41	0.00	0.00
LBC	135	31.55	18.56	18.62	31.28	0.00	0.00
LBC	136	31.48	18.46	18.80	31.26	0.00	0.00
LBC	137	31.53	18.28	18.65	31.54	0.00	0.00
LBC	138	31.50	18.31	18.64	31.55	0.00	0.00
LBC	139	31.62	18.15	18.51	31.71	0.00	0.00
LBC	140	31.66	18.46	18.50	31.38	0.00	0.00
LBC	141	31.56	18.33	18.73	31.38	0.00	0.00
LBC	142	31.73	18.56	18.32	31.39	0.00	0.00
LBC	143	31.57	18.30	18.31	31.83	0.00	0.00
LBC	144	31.20	18.42	18.62	31.75	0.00	0.00
LBC	145	31.43	18.27	18.61	31.68	0.00	0.00
LBC	146	31.78	18.24	18.59	31.38	0.00	0.00
LBC	147	31.75	18.04	18.70	31.51	0.00	0.00
LBC	148	31.41	18.59	18.71	31.29	0.00	0.00
LBC	149	31.22	18.87	18.41	31.50	0.00	0.00
LBC	150	29.97	19.76	20.15	30.12	0.00	0.00
LBC	151	30.89	19.00	19.05	31.07	0.00	0.00
# ACGT raw counters for last fragments. Use `grep ^LTC | cut -f 2-` to extract this part. The columns are: A,C,G,T,N base counters
LTC	6466933	3803147	3850336	6457856	93
# Insert sizes. Use `grep ^IS | cut -f 2-` to extract this part. The columns are: insert size, pairs total, inward oriented pairs, outward oriented pairs, other pairs
IS	0	8961	2732	2193	4036
IS	1	3	0	3	0
IS	2	4	0	4	0
IS	3	0	0	0	0
IS	4	2	0	2	0
IS	5	0	0	0	0
IS	6	4	0	4	0
IS	7	6	0	6	0
IS	8	3	0	3	0
IS	9	7	0	7	0
IS	10	5	0	5	0
IS	11	0	0	0	0
IS	12	2	0	2	0
IS	13	2	0	2	0
IS	14	3	0	3	0
IS	15	4	0	4	0
IS	16	0	0	0	0
IS	17	1	0	1	0
IS	18	1	0	1	0
IS	19	6	0	6	0
IS	20	3	0	3	0
IS	21	3	0	3	0
IS	22	4	0	4	0
IS	23	4	0	4	0
IS	24	2	0	2	0
IS	25	4	0	4	0
IS	26	4	0	4	0
IS	27	3	0	3	0
IS	28	1	0	1	0
IS	29	1	0	1	0
IS	30	1	0	1	0
IS	31	1	0	1	0
IS	32	4	0	4	0
IS	33	1	0	1	0
IS	34	3	0	3	0
IS	35	0	0	0	0
IS	36	9	2	7	0
IS	37	10	4	6	0
IS	38	7	4	3	0
IS	39	15	6	9	0
IS	40	8	4	4	0
IS	41	11	5	6	0
IS	42	11	4	7	0
IS	43	21	13	8	0
IS	44	16	8	8	0
IS	45	17	9	8	0
IS	46	19	6	13	0
IS	47	17	7	10	0
IS	48	20	8	12	0
IS	49	17	7	10	0
IS	50	26	10	16	0
IS	51	23	12	11	0
IS	52	22	10	12	0
IS	53	26	13	13	0
IS	54	29	15	14	0
IS	55	25	15	10	0
IS	56	21	12	9	0
IS	57	21	10	11	0
IS	58	33	17	16	0
IS	59	40	20	20	0
IS	60	35	19	16	0
IS	61	25	11	14	0
IS	62	33	17	16	0
IS	63	24	16	8	0
IS	64	34	21	13	0
IS	65	39	18	21	0
IS	66	38	12	26	0
IS	67	31	19	12	0
IS	68	36	22	14	0
IS	69	46	27	19	0
IS	70	51	27	24	0
IS	71	29	16	13	0
IS	72	38	22	16	0
IS	73	55	35	20	0
IS	74	49	16	33	0
IS	75	51	35	16	0
IS	76	51	33	18	0
IS	77	47	24	23	0
IS	78	57	30	27	0
IS	79	54	31	23	0
IS	80	66	37	29	0
IS	81	52	26	26	0
IS	82	59	30	29	0
IS	83	60	36	24	0
IS	84	44	22	22	0
IS	85	72	32	40	0
IS	86	56	31	25	0
IS	87	66	39	27	0
IS	88	71	40	31	0
IS	89	66	38	28	0
IS	90	70	35	35	0
IS	91	64	33	31	0
IS	92	57	33	24	0
IS	93	83	48	35	0
IS	94	81	47	34	0
IS	95	60	43	17	0
IS	96	69	42	27	0
IS	97	63	34	29	0
IS	98	86	45	41	0
IS	99	78	45	33	0
IS	100	77	34	43	0
IS	101	79	46	33	0
IS	102	85	42	43	0
IS	103	99	67	32	0
IS	104	97	56	41	0
IS	105	94	56	38	0
IS	106	87	46	41	0
IS	107	81	42	39	0
IS	108	80	48	32	0
IS	109	103	55	48	0
IS	110	117	66	51	0
IS	111	111	60	51	0
IS	112	95	60	35	0
IS	113	106	78	28	0
IS	114	110	65	45	0
IS	115	112	78	34	0
IS	116	110	69	41	0
IS	117	133	78	55	0
IS	118	107	73	34	0
IS	119	127	79	48	0
IS	120	144	88	56	0
IS	121	121	63	58	0
IS	122	132	92	40	0
IS	123	112	69	43	0
IS	124	127	73	54	0
IS	125	115	67	48	0
IS	126	160	88	72	0
IS	127	139	90	49	0
IS	128	134	94	40	0
IS	129	133	82	51	0
IS	130	147	87	60	0
IS	131	152	94	58	0
IS	132	153	108	45	0
IS	133	159	106	53	0
IS	134	144	88	56	0
IS	135	73	68	5	0
IS	136	86	80	6	0
IS	137	92	81	11	0
IS	138	99	92	7	0
IS	139	103	92	11	0
IS	140	75	61	14	0
IS	141	93	73	20	0
IS	142	120	98	22	0
IS	143	128	101	27	0
IS	144	133	103	30	0
IS	145	150	110	40	0
IS	146	158	112	46	0
IS	147	154	87	67	0
IS	148	211	123	88	0
IS	149	286	156	130	0
IS	150	784	306	478	0
IS	151	1258	382	876	0
IS	152	271	270	1	0
IS	153	286	284	2	0
IS	154	243	243	0	0
IS	155	252	250	2	0
IS	156	283	283	0	0
IS	157	300	300	0	0
IS	158	298	297	1	0
IS	159	318	318	0	0
IS	160	313	312	1	0
IS	161	298	298	0	0
IS	162	315	314	1	0
IS	163	306	306	0	0
IS	164	332	332	0	0
IS	165	336	335	1	0
IS	166	343	343	0	0
IS	167	364	362	2	0
IS	168	347	346	1	0
IS	169	336	335	1	0
IS	170	390	388	2	0
IS	171	395	394	1	0
IS	172	409	408	1	0
IS	173	389	389	0	0
IS	174	412	411	1	0
IS	175	379	378	1	0
IS	176	368	367	1	0
IS	177	441	440	1	0
IS	178	434	434	0	0
IS	179	445	443	2	0
IS	180	489	486	3	0
IS	181	468	467	1	0
IS	182	489	489	0	0
IS	183	474	474	0	0
IS	184	522	519	3	0
IS	185	475	474	1	0
IS	186	526	524	2	0
IS	187	521	521	0	0
IS	188	455	455	0	0
IS	189	520	519	1	0
IS	190	533	533	0	0
IS	191	510	510	0	0
IS	192	558	557	1	0
IS	193	519	518	1	0
IS	194	583	583	0	0
IS	195	537	537	0	0
IS	196	585	585	0	0
IS	197	558	558	0	0
IS	198	591	591	0	0
IS	199	614	614	0	0
IS	200	610	610	0	0
IS	201	605	605	0	0
IS	202	640	639	1	0
IS	203	641	639	2	0
IS	204	674	674	0	0
IS	205	605	605	0	0
IS	206	684	684	0	0
IS	207	685	685	0	0
IS	208	714	712	2	0
IS	209	736	736	0	0
IS	210	725	725	0	0
IS	211	749	748	1	0
IS	212	719	719	0	0
IS	213	759	759	0	0
IS	214	725	725	0	0
IS	215	769	769	0	0
IS	216	784	783	1	0
IS	217	787	787	0	0
IS	218	802	802	0	0
IS	219	774	774	0	0
IS	220	807	807	0	0
IS	221	768	768	0	0
IS	222	840	840	0	0
IS	223	770	769	1	0
IS	224	848	848	0	0
IS	225	773	773	0	0
IS	226	835	835	0	0
IS	227	736	736	0	0
IS	228	815	815	0	0
IS	229	818	818	0	0
IS	230	856	856	0	0
IS	231	847	847	0	0
IS	232	902	902	0	0
IS	233	879	879	0	0
IS	234	888	887	1	0
IS	235	871	871	0	0
IS	236	850	847	3	0
IS	237	890	889	1	0
IS	238	864	863	1	0
IS	239	864	863	1	0
IS	240	889	888	1	0
IS	241	953	953	0	0
IS	242	904	902	2	0
IS	243	875	874	1	0
IS	244	882	882	0	0
IS	245	912	911	1	0
IS	246	864	863	1	0
IS	247	940	939	1	0
IS	248	896	896	0	0
IS	249	967	967	0	0
IS	250	922	921	1	0
IS	251	903	903	0	0
IS	252	941	940	1	0
IS	253	937	936	1	0
IS	254	919	917	2	0
IS	255	898	897	1	0
IS	256	927	927	0	0
IS	257	893	893	0	0
IS	258	926	926	0	0
IS	259	931	930	1	0
IS	260	974	974	0	0
IS	261	884	883	1	0
IS	262	971	969	2	0
IS	263	915	913	2	0
IS	264	911	911	0	0
IS	265	912	912	0	0
IS	266	884	882	2	0
IS	267	920	919	1	0
IS	268	927	924	3	0
IS	269	914	914	0	0
IS	270	956	955	1	0
IS	271	873	872	1	0
IS	272	863	863	0	0
IS	273	892	891	1	0
IS	274	895	894	1	0
IS	275	877	875	2	0
IS	276	889	889	0	0
IS	277	915	913	2	0
IS	278	841	840	1	0
IS	279	867	867	0	0
IS	280	888	888	0	0
IS	281	921	921	0	0
IS	282	842	840	2	0
IS	283	890	890	0	0
IS	284	830	829	1	0
IS	285	846	846	0	0
IS	286	862	860	2	0
IS	287	835	835	0	0
IS	288	914	912	2	0
IS	289	821	820	1	0
IS	290	803	803	0	0
IS	291	771	771	0	0
IS	292	766	765	1	0
IS	293	766	766	0	0
IS	294	815	814	1	0
IS	295	750	750	0	0
IS	296	757	756	1	0
IS	297	797	796	1	0
IS	298	757	757	0	0
IS	299	722	722	0	0
IS	300	758	757	1	0
IS	301	743	742	1	0
IS	302	695	695	0	0
IS	303	725	723	2	0
IS	304	693	693	0	0
IS	305	689	687	2	0
IS	306	688	686	2	0
IS	307	710	709	1	0
IS	308	654	654	0	0
IS	309	689	687	2	0
IS	310	679	678	1	0
IS	311	676	675	1	0
IS	312	673	673	0	0
IS	313	655	655	0	0
IS	314	661	661	0	0
IS	315	630	628	2	0
IS	316	617	616	1	0
IS	317	611	610	1	0
IS	318	551	551	0	0
IS	319	617	616	1	0
IS	320	604	603	1	0
IS	321	599	599	0	0
IS	322	542	541	1	0
IS	323	590	590	0	0
IS	324	554	554	0	0
IS	325	554	554	0	0
IS	326	571	571	0	0
IS	327	526	524	2	0
IS	328	555	555	0	0
IS	329	515	515	0	0
IS	330	511	511	0	0
IS	331	526	525	1	0
IS	332	470	470	0	0
IS	333	464	464	0	0
IS	334	494	494	0	0
IS	335	460	460	0	0
IS	336	449	449	0	0
IS	337	461	460	1	0
IS	338	471	471	0	0
IS	339	459	458	1	0
IS	340	448	448	0	0
IS	341	455	454	1	0
IS	342	430	430	0	0
IS	343	450	450	0	0
IS	344	402	402	0	0
IS	345	404	404	0	0
IS	346	449	449	0	0
IS	347	431	430	1	0
IS	348	402	402	0	0
IS	349	392	390	2	0
IS	350	375	375	0	0
IS	351	367	366	1	0
IS	352	353	353	0	0
IS	353	382	382	0	0
IS	354	358	358	0	0
IS	355	367	366	1	0
IS	356	367	366	1	0
IS	357	361	359	2	0
IS	358	307	306	1	0
IS	359	313	313	0	0
IS	360	317	317	0	0
IS	361	317	317	0	0
IS	362	303	303	0	0
IS	363	304	301	3	0
IS	364	288	287	1	0
IS	365	302	302	0	0
IS	366	257	257	0	0
IS	367	271	271	0	0
IS	368	291	290	1	0
IS	369	281	279	2	0
IS	370	272	270	2	0
IS	371	275	275	0	0
IS	372	253	252	1	0
IS	373	244	244	0	0
IS	374	256	255	1	0
IS	375	223	223	0	0
IS	376	265	265	0	0
IS	377	214	213	1	0
IS	378	229	229	0	0
IS	379	227	227	0	0
IS	380	239	238	1	0
IS	381	188	188	0	0
IS	382	198	197	1	0
IS	383	216	216	0	0
IS	384	211	210	1	0
IS	385	214	212	2	0
IS	386	200	200	0	0
IS	387	205	204	1	0
IS	388	161	160	1	0
IS	389	196	195	1	0
IS	390	218	218	0	0
IS	391	173	173	0	0
IS	392	162	162	0	0
IS	393	188	188	0	0
IS	394	156	156	0	0
IS	395	174	174	0	0
IS	396	152	151	1	0
IS	397	172	171	1	0
IS	398	156	156	0	0
IS	399	151	151	0	0
IS	400	156	156	0	0
IS	401	136	135	1	0
IS	402	152	151	1	0
IS	403	152	152	0	0
IS	404	138	138	0	0
IS	405	149	149	0	0
IS	406	116	116	0	0
IS	407	138	138	0	0
IS	408	120	117	3	0
IS	409	127	127	0	0
IS	410	105	105	0	0
IS	411	108	108	0	0
IS	412	116	116	0	0
IS	413	113	113	0	0
IS	414	101	100	1	0
IS	415	125	125	0	0
IS	416	104	104	0	0
IS	417	102	102	0	0
IS	418	128	128	0	0
IS	419	115	115	0	0
IS	420	71	71	0	0
IS	421	91	91	0	0
IS	422	84	84	0	0
IS	423	86	86	0	0
IS	424	86	85	1	0
IS	425	95	95	0	0
IS	426	98	98	0	0
IS	427	88	88	0	0
IS	428	71	71	0	0
IS	429	84	84	0	0
IS	430	95	95	0	0
IS	431	81	78	3	0
IS	432	76	75	1	0
IS	433	79	79	0	0
IS	434	85	84	1	0
IS	435	63	63	0	0
IS	436	76	76	0	0
IS	437	74	73	1	0
IS	438	78	78	0	0
IS	439	75	75	0	0
IS	440	63	63	0	0
IS	441	53	53	0	0
IS	442	62	61	1	0
IS	443	53	53	0	0
IS	444	55	54	1	0
IS	445	64	63	1	0
IS	446	49	49	0	0
IS	447	55	54	1	0
IS	448	50	50	0	0
IS	449	46	46	0	0
IS	450	62	61	1	0
IS	451	37	37	0	0
IS	452	56	55	1	0
IS	453	46	46	0	0
IS	454	39	39	0	0
IS	455	50	50	0	0
IS	456	58	57	1	0
IS	457	48	47	1	0
IS	458	42	42	0	0
IS	459	39	38	1	0
IS	460	32	32	0	0
IS	461	40	40	0	0
IS	462	37	37	0	0
IS	463	43	43	0	0
IS	464	37	37	0	0
IS	465	42	42	0	0
IS	466	44	44	0	0
IS	467	41	41	0	0
IS	468	46	45	1	0
IS	469	29	29	0	0
IS	470	32	32	0	0
IS	471	29	29	0	0
IS	472	20	20	0	0
IS	473	30	30	0	0
IS	474	41	39	2	0
IS	475	34	31	3	0
IS	476	37	37	0	0
IS	477	34	33	1	0
IS	478	29	29	0	0
IS	479	33	32	1	0
IS	480	32	32	0	0
IS	481	22	22	0	0
IS	482	29	28	1	0
IS	483	24	24	0	0
IS	484	23	21	2	0
IS	485	19	19	0	0
IS	486	24	24	0	0
IS	487	16	16	0	0
IS	488	18	17	1	0
IS	489	19	19	0	0
IS	490	31	31	0	0
IS	491	25	23	2	0
# Read lengths. Use `grep ^RL | cut -f 2-` to extract this part. The columns are: read length, count
RL	36	3197
RL	37	3089
RL	38	2913
RL	39	3112
RL	40	2924
RL	41	2761
RL	42	2946
RL	43	2907
RL	44	2713
RL	45	2698
RL	46	2612
RL	47	2578
RL	48	2570
RL	49	2555
RL	50	2468
RL	51	2412
RL	52	2390
RL	53	2270
RL	54	2298
RL	55	2186
RL	56	2239
RL	57	2092
RL	58	2234
RL	59	2257
RL	60	2139
RL	61	2076
RL	62	2172
RL	63	2171
RL	64	2203
RL	65	2141
RL	66	2169
RL	67	2118
RL	68	2138
RL	69	2203
RL	70	2095
RL	71	2169
RL	72	2099
RL	73	2088
RL	74	2014
RL	75	2038
RL	76	2026
RL	77	1955
RL	78	1952
RL	79	1833
RL	80	1858
RL	81	1861
RL	82	1891
RL	83	1832
RL	84	1782
RL	85	1729
RL	86	1728
RL	87	1717
RL	88	1649
RL	89	1652
RL	90	1693
RL	91	1663
RL	92	1591
RL	93	1686
RL	94	1732
RL	95	1556
RL	96	1701
RL	97	1639
RL	98	1641
RL	99	1639
RL	100	1591
RL	101	1651
RL	102	1614
RL	103	1703
RL	104	1751
RL	105	1641
RL	106	1643
RL	107	1699
RL	108	1647
RL	109	1703
RL	110	1676
RL	111	1619
RL	112	1565
RL	113	1679
RL	114	1643
RL	115	1517
RL	116	1580
RL	117	1575
RL	118	1468
RL	119	1557
RL	120	1565
RL	121	1514
RL	122	1503
RL	123	1487
RL	124	1474
RL	125	1448
RL	126	1553
RL	127	1427
RL	128	1484
RL	129	1452
RL	130	1439
RL	131	1404
RL	132	1395
RL	133	1384
RL	134	1386
RL	135	1245
RL	136	1187
RL	137	1232
RL	138	1179
RL	139	1125
RL	140	1152
RL	141	1134
RL	142	1214
RL	143	1151
RL	144	1160
RL	145	1140
RL	146	1176
RL	147	1840
RL	148	5058
RL	149	16391
RL	150	67513
RL	151	132972
# Read lengths - first fragments. Use `grep ^FRL | cut -f 2-` to extract this part. The columns are: read length, count
FRL	36	218
FRL	37	227
FRL	38	223
FRL	39	273
FRL	40	231
FRL	41	244
FRL	42	247
FRL	43	248
FRL	44	233
FRL	45	259
FRL	46	258
FRL	47	237
FRL	48	267
FRL	49	279
FRL	50	251
FRL	51	274
FRL	52	281
FRL	53	270
FRL	54	264
FRL	55	245
FRL	56	283
FRL	57	301
FRL	58	286
FRL	59	302
FRL	60	271
FRL	61	293
FRL	62	307
FRL	63	288
FRL	64	332
FRL	65	296
FRL	66	313
FRL	67	300
FRL	68	298
FRL	69	309
FRL	70	315
FRL	71	296
FRL	72	313
FRL	73	293
FRL	74	322
FRL	75	309
FRL	76	286
FRL	77	324
FRL	78	306
FRL	79	309
FRL	80	329
FRL	81	319
FRL	82	323
FRL	83	314
FRL	84	327
FRL	85	337
FRL	86	355
FRL	87	336
FRL	88	331
FRL	89	353
FRL	90	337
FRL	91	365
FRL	92	320
FRL	93	388
FRL	94	349
FRL	95	351
FRL	96	339
FRL	97	369
FRL	98	356
FRL	99	376
FRL	100	374
FRL	101	355
FRL	102	376
FRL	103	402
FRL	104	418
FRL	105	376
FRL	106	434
FRL	107	430
FRL	108	445
FRL	109	451
FRL	110	468
FRL	111	439
FRL	112	455
FRL	113	486
FRL	114	489
FRL	115	470
FRL	116	471
FRL	117	546
FRL	118	505
FRL	119	517
FRL	120	556
FRL	121	532
FRL	122	532
FRL	123	524
FRL	124	540
FRL	125	503
FRL	126	580
FRL	127	548
FRL	128	535
FRL	129	558
FRL	130	578
FRL	131	536
FRL	132	565
FRL	133	540
FRL	134	559
FRL	135	467
FRL	136	455
FRL	137	457
FRL	138	474
FRL	139	433
FRL	140	490
FRL	141	465
FRL	142	527
FRL	143	471
FRL	144	516
FRL	145	485
FRL	146	477
FRL	147	689
FRL	148	2387
FRL	149	9463
FRL	150	47838
FRL	151	113041
# Read lengths - last fragments. Use `grep ^LRL | cut -f 2-` to extract this part. The columns are: read length, count
LRL	36	2979
LRL	37	2862
LRL	38	2690
LRL	39	2839
LRL	40	2693
LRL	41	2517
LRL	42	2699
LRL	43	2659
LRL	44	2480
LRL	45	2439
LRL	46	2354
LRL	47	2341
LRL	48	2303
LRL	49	2276
LRL	50	2217
LRL	51	2138
LRL	52	2109
LRL	53	2000
LRL	54	2034
LRL	55	1941
LRL	56	1956
LRL	57	1791
LRL	58	1948
LRL	59	1955
LRL	60	1868
LRL	61	1783
LRL	62	1865
LRL	63	1883
LRL	64	1871
LRL	65	1845
LRL	66	1856
LRL	67	1818
LRL	68	1840
LRL	69	1894
LRL	70	1780
LRL	71	1873
LRL	72	1786
LRL	73	1795
LRL	74	1692
LRL	75	1729
LRL	76	1740
LRL	77	1631
LRL	78	1646
LRL	79	1524
LRL	80	1529
LRL	81	1542
LRL	82	1568
LRL	83	1518
LRL	84	1455
LRL	85	1392
LRL	86	1373
LRL	87	1381
LRL	88	1318
LRL	89	1299
LRL	90	1356
LRL	91	1298
LRL	92	1271
LRL	93	1298
LRL	94	1383
LRL	95	1205
LRL	96	1362
LRL	97	1270
LRL	98	1285
LRL	99	1263
LRL	100	1217
LRL	101	1296
LRL	102	1238
LRL	103	1301
LRL	104	1333
LRL	105	1265
LRL	106	1209
LRL	107	1269
LRL	108	1202
LRL	109	1252
LRL	110	1208
LRL	111	1180
LRL	112	1110
LRL	113	1193
LRL	114	1154
LRL	115	1047
LRL	116	1109
LRL	117	1029
LRL	118	963
LRL	119	1040
LRL	120	1009
LRL	121	982
LRL	122	971
LRL	123	963
LRL	124	934
LRL	125	945
LRL	126	973
LRL	127	879
LRL	128	949
LRL	129	894
LRL	130	861
LRL	131	868
LRL	132	830
LRL	133	844
LRL	134	827
LRL	135	778
LRL	136	732
LRL	137	775
LRL	138	705
LRL	139	692
LRL	140	662
LRL	141	669
LRL	142	687
LRL	143	680
LRL	144	644
LRL	145	655
LRL	146	699
LRL	147	1151
LRL	148	2671
LRL	149	6928
LRL	150	19675
LRL	151	19931
# Mapping qualities for reads !(UNMAP|SECOND|SUPPL|QCFAIL|DUP). Use `grep ^MAPQ | cut -f 2-` to extract this part. The columns are: mapq, count
MAPQ	0	81969
MAPQ	1	26102
MAPQ	2	50901
MAPQ	3	30533
MAPQ	4	20490
MAPQ	5	13991
MAPQ	6	9655
MAPQ	7	7502
MAPQ	8	6175
MAPQ	9	4997
MAPQ	10	4137
MAPQ	11	3175
MAPQ	12	3036
MAPQ	13	2329
MAPQ	14	2143
MAPQ	15	2129
MAPQ	16	1754
MAPQ	17	1621
MAPQ	18	1554
MAPQ	19	1430
MAPQ	20	1444
MAPQ	21	1191
MAPQ	22	1231
MAPQ	23	1270
MAPQ	24	1271
MAPQ	25	1145
MAPQ	26	1142
MAPQ	27	1110
MAPQ	28	1163
MAPQ	29	1023
MAPQ	30	1225
MAPQ	31	825
MAPQ	32	972
MAPQ	33	848
MAPQ	34	791
MAPQ	35	724
MAPQ	36	706
MAPQ	37	578
MAPQ	38	582
MAPQ	39	522
MAPQ	40	496
MAPQ	41	393
MAPQ	42	401
MAPQ	43	323
MAPQ	44	309
MAPQ	45	264
MAPQ	46	211
MAPQ	47	182
MAPQ	48	149
MAPQ	49	93
MAPQ	50	56
MAPQ	51	8
MAPQ	60	116197
# Indel distribution. Use `grep ^ID | cut -f 2-` to extract this part. The columns are: length, number of insertions, number of deletions
ID	1	95648	106455
ID	2	15449	19406
ID	3	5189	6867
ID	4	2350	3167
ID	5	1122	1653
ID	6	561	934
ID	7	327	496
ID	8	180	313
ID	9	77	224
ID	10	42	87
ID	11	20	49
ID	12	23	30
ID	13	2	17
ID	14	2	7
# Indels per cycle. Use `grep ^IC | cut -f 2-` to extract this part. The columns are: cycle, number of insertions (fwd), .. (rev) , number of deletions (fwd), .. (rev)
IC	3	0	0	310	253
IC	4	146	180	285	269
IC	5	201	212	361	305
IC	6	277	256	314	362
IC	7	285	284	345	351
IC	8	280	301	349	425
IC	9	332	389	372	449
IC	10	326	387	435	397
IC	11	378	364	429	478
IC	12	353	397	422	436
IC	13	398	429	504	471
IC	14	435	424	499	495
IC	15	464	490	471	533
IC	16	478	486	536	526
IC	17	437	442	556	539
IC	18	468	518	524	555
IC	19	510	533	561	619
IC	20	484	551	528	605
IC	21	532	568	585	603
IC	22	553	539	606	639
IC	23	539	601	617	612
IC	24	566	526	632	644
IC	25	555	588	588	619
IC	26	595	581	641	664
IC	27	599	562	617	686
IC	28	574	618	611	656
IC	29	555	596	657	630
IC	30	593	605	662	670
IC	31	547	564	644	711
IC	32	561	529	664	679
IC	33	578	557	678	672
IC	34	576	585	654	656
IC	35	643	532	693	665
IC	36	637	583	648	639
IC	37	623	535	704	638
IC	38	612	510	730	653
IC	39	617	512	678	637
IC	40	649	528	706	599
IC	41	611	513	710	571
IC	42	611	520	706	612
IC	43	609	502	683	582
IC	44	574	486	705	593
IC	45	610	479	727	555
IC	46	627	457	661	585
IC	47	602	486	691	580
IC	48	609	468	717	559
IC	49	596	466	712	526
IC	50	569	464	726	506
IC	51	597	459	733	528
IC	52	598	440	659	500
IC	53	637	440	711	523
IC	54	659	388	709	491
IC	55	590	451	676	532
IC	56	589	418	720	509
IC	57	602	415	688	506
IC	58	629	394	725	457
IC	59	636	417	718	473
IC	60	629	372	715	471
IC	61	571	418	718	472
IC	62	640	447	720	442
IC	63	606	405	691	434
IC	64	658	389	706	413
IC	65	637	415	726	436
IC	66	617	379	724	398
IC	67	620	324	710	426
IC	68	603	347	670	418
IC	69	611	380	688	423
IC	70	577	352	699	392
IC	71	612	348	696	418
IC	72	612	359	721	401
IC	73	615	308	684	372
IC	74	611	312	697	396
IC	75	614	345	704	391
IC	76	563	325	744	400
IC	77	623	291	675	380
IC	78	637	319	686	391
IC	79	613	304	727	337
IC	80	602	278	667	358
IC	81	639	333	690	328
IC	82	608	289	657	350
IC	83	635	302	640	318
IC	84	621	250	645	345
IC	85	618	276	656	326
IC	86	592	285	734	327
IC	87	558	303	692	339
IC	88	583	271	657	337
IC	89	588	234	717	330
IC	90	542	278	655	308
IC	91	591	263	646	330
IC	92	609	262	651	304
IC	93	548	236	635	294
IC	94	600	259	657	265
IC	95	607	226	675	280
IC	96	564	243	624	287
IC	97	551	241	635	257
IC	98	555	241	652	286
IC	99	584	228	604	275
IC	100	594	232	659	267
IC	101	528	249	634	252
IC	102	567	244	643	279
IC	103	509	196	658	268
IC	104	578	239	607	249
IC	105	531	207	631	223
IC	106	518	213	543	255
IC	107	553	214	599	237
IC	108	530	191	594	239
IC	109	548	227	602	249
IC	110	462	171	616	225
IC	111	515	190	587	218
IC	112	504	182	529	222
IC	113	534	198	579	219
IC	114	539	172	570	193
IC	115	521	175	560	196
IC	116	515	163	527	214
IC	117	478	172	578	198
IC	118	500	194	548	195
IC	119	484	180	581	161
IC	120	498	160	563	186
IC	121	484	155	570	190
IC	122	491	155	512	163
IC	123	450	160	518	199
IC	124	473	157	490	162
IC	125	442	162	527	184
IC	126	427	134	512	153
IC	127	440	150	520	148
IC	128	429	137	490	189
IC	129	420	146	506	150
IC	130	453	101	461	141
IC	131	400	130	468	143
IC	132	401	137	446	125
IC	133	422	128	439	162
IC	134	411	106	412	144
IC	135	361	122	416	120
IC	136	362	87	398	135
IC	137	357	106	371	161
IC	138	374	118	363	131
IC	139	353	89	403	141
IC	140	290	100	402	120
IC	141	357	105	338	113
IC	142	353	77	329	99
IC	143	242	79	348	97
IC	144	272	52	333	102
IC	145	250	78	310	81
IC	146	217	50	300	84
IC	147	188	40	264	57
IC	148	86	14	221	25
# Coverage distribution. Use `grep ^COV | cut -f 2-` to extract this part.
COV	[1-1]	1	31302217
COV	[2-2]	2	4778273
COV	[3-3]	3	675929
COV	[4-4]	4	197550
COV	[5-5]	5	82133
COV	[6-6]	6	43968
COV	[7-7]	7	29599
COV	[8-8]	8	21666
COV	[9-9]	9	16659
COV	[10-10]	10	13828
COV	[11-11]	11	11392
COV	[12-12]	12	10230
COV	[13-13]	13	8348
COV	[14-14]	14	7604
COV	[15-15]	15	6757
COV	[16-16]	16	6274
COV	[17-17]	17	5703
COV	[18-18]	18	4942
COV	[19-19]	19	4376
COV	[20-20]	20	3556
COV	[21-21]	21	3416
COV	[22-22]	22	3135
COV	[23-23]	23	2719
COV	[24-24]	24	2338
COV	[25-25]	25	2229
COV	[26-26]	26	1907
COV	[27-27]	27	1521
COV	[28-28]	28	1165
COV	[29-29]	29	1019
COV	[30-30]	30	879
COV	[31-31]	31	821
COV	[32-32]	32	682
COV	[33-33]	33	675
COV	[34-34]	34	481
COV	[35-35]	35	389
COV	[36-36]	36	365
COV	[37-37]	37	286
COV	[38-38]	38	342
COV	[39-39]	39	276
COV	[40-40]	40	197
COV	[41-41]	41	182
COV	[42-42]	42	199
COV	[43-43]	43	188
COV	[44-44]	44	138
COV	[45-45]	45	165
COV	[46-46]	46	143
COV	[47-47]	47	105
COV	[48-48]	48	87
COV	[49-49]	49	65
COV	[50-50]	50	64
COV	[51-51]	51	69
COV	[52-52]	52	71
COV	[53-53]	53	57
COV	[54-54]	54	69
COV	[55-55]	55	74
COV	[56-56]	56	73
COV	[57-57]	57	103
COV	[58-58]	58	81
COV	[59-59]	59	57
COV	[60-60]	60	51
COV	[61-61]	61	37
COV	[62-62]	62	44
COV	[63-63]	63	12
COV	[64-64]	64	23
COV	[65-65]	65	27
COV	[66-66]	66	21
COV	[67-67]	67	15
COV	[68-68]	68	17
COV	[69-69]	69	5
COV	[70-70]	70	12
COV	[71-71]	71	3
COV	[72-72]	72	9
COV	[73-73]	73	2
COV	[74-74]	74	1
COV	[78-78]	78	1
COV	[79-79]	79	2
COV	[80-80]	80	8
COV	[81-81]	81	19
COV	[84-84]	84	1
COV	[85-85]	85	1
COV	[86-86]	86	2
COV	[87-87]	87	1
COV	[89-89]	89	1
COV	[91-91]	91	2
COV	[93-93]	93	1
COV	[97-97]	97	1
COV	[98-98]	98	2
COV	[99-99]	99	2
COV	[100-100]	100	3
COV	[101-101]	101	9
COV	[102-102]	102	16
COV	[103-103]	103	6
COV	[104-104]	104	2
COV	[105-105]	105	5
COV	[106-106]	106	5
COV	[107-107]	107	2
COV	[109-109]	109	1
COV	[110-110]	110	3
COV	[111-111]	111	6
COV	[112-112]	112	6
COV	[113-113]	113	3
COV	[115-115]	115	1
COV	[116-116]	116	2
COV	[123-123]	123	2
COV	[124-124]	124	1
COV	[125-125]	125	4
COV	[126-126]	126	2
COV	[127-127]	127	1
COV	[130-130]	130	2
COV	[133-133]	133	1
COV	[136-136]	136	2
COV	[138-138]	138	1
COV	[141-141]	141	1
COV	[148-148]	148	3
COV	[150-150]	150	1
COV	[152-152]	152	8
COV	[155-155]	155	2
COV	[157-157]	157	2
COV	[160-160]	160	3
COV	[161-161]	161	3
COV	[162-162]	162	16
COV	[163-163]	163	1
COV	[166-166]	166	1
COV	[167-167]	167	4
COV	[168-168]	168	3
COV	[169-169]	169	3
COV	[170-170]	170	2
COV	[172-172]	172	3
COV	[173-173]	173	3
COV	[174-174]	174	21
COV	[176-176]	176	2
COV	[177-177]	177	1
COV	[178-178]	178	3
COV	[180-180]	180	3
COV	[193-193]	193	1
COV	[206-206]	206	2
COV	[208-208]	208	1
COV	[209-209]	209	1
COV	[210-210]	210	1
COV	[211-211]	211	1
COV	[212-212]	212	1
COV	[217-217]	217	3
COV	[219-219]	219	1
COV	[220-220]	220	1
COV	[224-224]	224	7
COV	[225-225]	225	1
COV	[226-226]	226	3
COV	[228-228]	228	1
COV	[231-231]	231	1
COV	[234-234]	234	1
COV	[235-235]	235	1
COV	[236-236]	236	1
COV	[240-240]	240	1
COV	[241-241]	241	1
COV	[242-242]	242	1
COV	[243-243]	243	1
COV	[244-244]	244	1
COV	[246-246]	246	2
COV	[247-247]	247	2
COV	[249-249]	249	1
COV	[251-251]	251	2
COV	[252-252]	252	1
COV	[254-254]	254	1
COV	[255-255]	255	4
COV	[257-257]	257	2
COV	[259-259]	259	2
COV	[261-261]	261	4
COV	[262-262]	262	3
COV	[263-263]	263	1
COV	[264-264]	264	1
COV	[265-265]	265	5
COV	[266-266]	266	1
COV	[268-268]	268	2
COV	[269-269]	269	6
COV	[270-270]	270	6
COV	[271-271]	271	3
COV	[272-272]	272	5
COV	[273-273]	273	9
COV	[274-274]	274	6
COV	[275-275]	275	18
COV	[277-277]	277	1
COV	[282-282]	282	1
COV	[284-284]	284	3
COV	[286-286]	286	1
COV	[287-287]	287	2
COV	[288-288]	288	1
COV	[295-295]	295	2
COV	[296-296]	296	2
COV	[297-297]	297	5
COV	[298-298]	298	3
COV	[304-304]	304	2
COV	[305-305]	305	4
COV	[306-306]	306	1
COV	[307-307]	307	2
COV	[308-308]	308	1
COV	[311-311]	311	1
COV	[312-312]	312	1
COV	[313-313]	313	1
COV	[316-316]	316	3
COV	[321-321]	321	1
COV	[323-323]	323	4
COV	[324-324]	324	11
COV	[325-325]	325	4
COV	[335-335]	335	1
COV	[338-338]	338	1
COV	[347-347]	347	1
COV	[353-353]	353	1
COV	[354-354]	354	3
COV	[368-368]	368	3
COV	[369-369]	369	5
COV	[378-378]	378	1
COV	[379-379]	379	2
COV	[382-382]	382	1
COV	[385-385]	385	1
COV	[386-386]	386	1
COV	[391-391]	391	18
# GC-depth. Use `grep ^GCD | cut -f 2-` to extract this part. The columns are: GC%, unique sequence percentiles, 10th, 25th, 50th, 75th and 90th depth percentile
GCD	0.0	0.007	0.000	0.000	0.000	0.000	0.000
GCD	0.6	0.010	0.006	0.006	0.006	0.006	0.006
GCD	8.0	0.017	0.006	0.006	0.006	0.006	0.006
GCD	11.0	0.024	0.006	0.006	0.006	0.006	0.006
GCD	12.0	0.027	0.006	0.006	0.006	0.006	0.006
GCD	13.0	0.034	0.006	0.006	0.006	0.006	0.006
GCD	14.0	0.040	0.006	0.006	0.006	0.006	0.006
GCD	15.0	0.047	0.006	0.006	0.006	0.006	0.006
GCD	16.0	0.050	0.006	0.006	0.006	0.006	0.006
GCD	17.0	0.057	0.006	0.006	0.009	0.012	0.012
GCD	18.0	0.067	0.006	0.006	0.006	0.006	0.006
GCD	19.0	0.074	0.006	0.006	0.006	0.006	0.006
GCD	20.0	0.087	0.006	0.006	0.006	0.006	0.006
GCD	21.0	0.114	0.006	0.006	0.006	0.006	0.006
GCD	22.0	0.185	0.006	0.006	0.006	0.012	0.012
GCD	23.0	0.245	0.006	0.006	0.012	0.013	0.024
GCD	24.0	0.350	0.006	0.006	0.018	0.024	0.024
GCD	25.0	0.477	0.006	0.006	0.009	0.018	0.024
GCD	26.0	0.662	0.006	0.012	0.012	0.030	0.041
GCD	27.0	1.002	0.006	0.012	0.018	0.035	0.047
GCD	28.0	1.520	0.006	0.012	0.018	0.035	0.062
GCD	29.0	2.263	0.012	0.012	0.030	0.053	0.083
GCD	30.0	3.618	0.012	0.018	0.041	0.071	0.104
GCD	31.0	5.905	0.012	0.024	0.047	0.083	0.118
GCD	32.0	9.976	0.018	0.035	0.059	0.089	0.130
GCD	33.0	16.002	0.024	0.041	0.068	0.100	0.142
GCD	34.0	24.186	0.030	0.047	0.077	0.106	0.153
GCD	35.0	34.755	0.030	0.053	0.077	0.112	0.153
GCD	36.0	46.759	0.030	0.053	0.083	0.112	0.153
GCD	37.0	59.169	0.030	0.053	0.077	0.112	0.147
GCD	38.0	69.724	0.030	0.047	0.077	0.106	0.147
GCD	39.0	78.621	0.030	0.047	0.071	0.106	0.136
GCD	40.0	85.111	0.024	0.041	0.071	0.094	0.130
GCD	41.0	89.560	0.024	0.041	0.065	0.094	0.124
GCD	42.0	92.687	0.024	0.035	0.059	0.089	0.118
GCD	43.0	94.845	0.018	0.035	0.053	0.083	0.112
GCD	44.0	96.305	0.012	0.024	0.047	0.077	0.106
GCD	45.0	97.266	0.012	0.024	0.041	0.065	0.089
GCD	46.0	97.939	0.012	0.018	0.035	0.059	0.089
GCD	47.0	98.440	0.012	0.018	0.030	0.053	0.077
GCD	48.0	98.783	0.012	0.018	0.030	0.053	0.093
GCD	49.0	99.048	0.006	0.012	0.030	0.041	0.065
GCD	50.0	99.210	0.011	0.018	0.027	0.046	0.077
GCD	51.0	99.364	0.006	0.012	0.015	0.025	0.047
GCD	52.0	99.502	0.006	0.009	0.018	0.030	0.061
GCD	53.0	99.556	0.006	0.007	0.012	0.024	0.038
GCD	54.0	99.640	0.006	0.006	0.012	0.015	0.513
GCD	55.0	99.687	0.006	0.006	0.012	0.018	0.024
GCD	56.0	99.721	0.012	0.016	0.024	0.035	0.041
GCD	57.0	99.778	0.006	0.006	0.012	0.018	0.030
GCD	58.0	99.812	0.006	0.006	0.012	0.018	0.018
GCD	59.0	99.852	0.006	0.006	0.009	0.012	0.022
GCD	60.0	99.855	0.012	0.012	0.012	0.012	0.012
GCD	61.0	99.879	0.006	0.006	0.012	0.018	0.035
GCD	62.0	99.896	0.006	0.006	0.006	0.009	0.012
GCD	63.0	99.902	0.006	0.006	0.015	0.024	0.024
GCD	64.0	99.913	0.006	0.006	0.012	0.012	0.012
GCD	65.0	99.929	0.006	0.009	0.012	0.018	0.024
GCD	66.0	99.936	0.006	0.006	0.006	0.006	0.006
GCD	67.0	99.943	0.006	0.006	0.009	0.012	0.012
GCD	68.0	99.950	0.012	0.012	0.056	0.100	0.100
GCD	69.0	99.963	0.006	0.006	0.006	0.010	0.012
GCD	71.0	99.970	0.006	0.006	0.006	0.006	0.006
GCD	73.0	99.973	0.006	0.006	0.006	0.006	0.006
GCD	75.0	99.976	0.012	0.012	0.012	0.012	0.012
GCD	76.0	99.980	0.012	0.012	0.012	0.012	0.012
GCD	77.0	99.987	0.006	0.006	0.009	0.012	0.012
GCD	80.0	99.993	0.006	0.006	0.006	0.006	0.006
GCD	81.0	99.997	0.012	0.012	0.012	0.012	0.012
GCD	84.0	100.000	0.006	0.006	0.006	0.006	0.006
