# This file was produced by samtools stats (1.17+htslib-1.17) and can be plotted using plot-bamstats
# This file contains statistics for all reads.
# The command line was:  stats -@ 4 ./ngm-align/VMA18-WGS_S67_ngmalign.bam
# CHK, Checksum	[2]Read Names	[3]Sequences	[4]Qualities
# CHK, CRC32 of reads which passed filtering followed by addition (32bit overflow)
CHK	734e4654	7055aa0d	072b5083
# Summary Numbers. Use `grep ^SN | cut -f 2-` to extract this part.
SN	raw total sequences:	3172854	# excluding supplementary and secondary reads
SN	filtered sequences:	0
SN	sequences:	3172854
SN	is sorted:	1
SN	1st fragments:	1586427
SN	last fragments:	1586427
SN	reads mapped:	3059606
SN	reads mapped and paired:	3014914	# paired-end technology bit set + both mates mapped
SN	reads unmapped:	113248
SN	reads properly paired:	2756868	# proper-pair bit set
SN	reads paired:	3172854	# paired-end technology bit set
SN	reads duplicated:	0	# PCR or optical duplicate bit set
SN	reads MQ0:	532272	# mapped and MQ=0
SN	reads QC failed:	0
SN	non-primary alignments:	0
SN	supplementary alignments:	0
SN	total length:	424154536	# ignores clipping
SN	total first fragment length:	214180007	# ignores clipping
SN	total last fragment length:	209974529	# ignores clipping
SN	bases mapped:	409679641	# ignores clipping
SN	bases mapped (cigar):	393069920	# more accurate
SN	bases trimmed:	0
SN	bases duplicated:	0
SN	mismatches:	22835451	# from NM fields
SN	error rate:	5.809514e-02	# mismatches / bases mapped (cigar)
SN	average length:	133
SN	average first fragment length:	135
SN	average last fragment length:	132
SN	maximum length:	151
SN	maximum first fragment length:	151
SN	maximum last fragment length:	151
SN	average quality:	34.0
SN	insert size average:	190.6
SN	insert size standard deviation:	82.2
SN	inward oriented pairs:	1146759
SN	outward oriented pairs:	248814
SN	pairs with other orientation:	15398
SN	pairs on different chromosomes:	96486
SN	percentage of properly paired reads (%):	86.9
# First Fragment Qualities. Use `grep ^FFQ | cut -f 2-` to extract this part.
# Columns correspond to qualities and rows to cycles. First column is the cycle number.
FFQ	1	0	0	0	0	0	0	0	0	0	0	0	0	0	0	33374	0	0	0	0	0	0	17997	0	0	0	0	0	1269	0	0	0	0	1533787	0	0	0	0	0
FFQ	2	0	0	42	0	0	0	0	0	0	0	0	0	0	0	17688	0	0	0	0	0	0	12017	0	0	0	0	0	525	0	0	0	0	1556155	0	0	0	0	0
FFQ	3	0	0	11	0	0	0	0	0	0	0	0	0	0	0	18523	0	0	0	0	0	0	8886	0	0	0	0	0	278	0	0	0	0	1558729	0	0	0	0	0
FFQ	4	0	0	0	0	0	0	0	0	0	0	0	0	0	0	14031	0	0	0	0	0	0	6323	0	0	0	0	0	173	0	0	0	0	1565900	0	0	0	0	0
FFQ	5	0	0	1	0	0	0	0	0	0	0	0	0	0	0	12928	0	0	0	0	0	0	8145	0	0	0	0	0	186	0	0	0	0	1564746	0	0	0	421	0
FFQ	6	0	0	70	0	0	0	0	0	0	0	0	0	0	0	16871	0	0	0	0	0	0	15038	0	0	0	0	0	368	0	0	0	0	45023	0	0	0	1509057	0
FFQ	7	0	0	0	0	0	0	0	0	0	0	0	0	0	0	16843	0	0	0	0	0	0	13782	0	0	0	0	0	361	0	0	0	0	46264	0	0	0	1509177	0
FFQ	8	0	0	0	0	0	0	0	0	0	0	0	0	0	0	18268	0	0	0	0	0	0	13693	0	0	0	0	0	404	0	0	0	0	50049	0	0	0	1504013	0
FFQ	9	0	0	0	0	0	0	0	0	0	0	0	0	0	0	16133	0	0	0	0	0	0	11106	0	0	0	0	0	215	0	0	0	0	44645	0	0	0	1514328	0
FFQ	10	0	0	0	0	0	0	0	0	0	0	0	0	0	0	17361	0	0	0	0	0	0	11978	0	0	0	0	0	255	0	0	0	0	46813	0	0	0	1510020	0
FFQ	11	0	0	0	0	0	0	0	0	0	0	0	0	0	0	17374	0	0	0	0	0	0	10126	0	0	0	0	0	113	0	0	0	0	44177	0	0	0	1514637	0
FFQ	12	0	0	0	0	0	0	0	0	0	0	0	0	0	0	16544	0	0	0	0	0	0	12506	0	0	0	0	0	200	0	0	0	0	47078	0	0	0	1510099	0
FFQ	13	0	0	0	0	0	0	0	0	0	0	0	0	0	0	17009	0	0	0	0	0	0	11522	0	0	0	0	0	162	0	0	0	0	46610	0	0	0	1511124	0
FFQ	14	0	0	0	0	0	0	0	0	0	0	0	0	0	0	16920	0	0	0	0	0	0	11736	0	0	0	0	0	171	0	0	0	0	49572	0	0	0	1508028	0
FFQ	15	0	0	0	0	0	0	0	0	0	0	0	0	0	0	18366	0	0	0	0	0	0	12051	0	0	0	0	0	277	0	0	0	0	50863	0	0	0	1504870	0
FFQ	16	0	0	0	0	0	0	0	0	0	0	0	0	0	0	17977	0	0	0	0	0	0	12299	0	0	0	0	0	373	0	0	0	0	50078	0	0	0	1505700	0
FFQ	17	0	0	0	0	0	0	0	0	0	0	0	0	0	0	17621	0	0	0	0	0	0	12595	0	0	0	0	0	519	0	0	0	0	49709	0	0	0	1505983	0
FFQ	18	0	0	0	0	0	0	0	0	0	0	0	0	0	0	17637	0	0	0	0	0	0	12381	0	0	0	0	0	635	0	0	0	0	49110	0	0	0	1506664	0
FFQ	19	0	0	0	0	0	0	0	0	0	0	0	0	0	0	18460	0	0	0	0	0	0	11999	0	0	0	0	0	725	0	0	0	0	49753	0	0	0	1505490	0
FFQ	20	0	0	0	0	0	0	0	0	0	0	0	0	0	0	18876	0	0	0	0	0	0	11841	0	0	0	0	0	835	0	0	0	0	51225	0	0	0	1503650	0
FFQ	21	0	0	0	0	0	0	0	0	0	0	0	0	0	0	19584	0	0	0	0	0	0	11575	0	0	0	0	0	980	0	0	0	0	51760	0	0	0	1502528	0
FFQ	22	0	0	0	0	0	0	0	0	0	0	0	0	0	0	19610	0	0	0	0	0	0	11280	0	0	0	0	0	1202	0	0	0	0	52592	0	0	0	1501743	0
FFQ	23	0	0	0	0	0	0	0	0	0	0	0	0	0	0	20136	0	0	0	0	0	0	11227	0	0	0	0	0	1294	0	0	0	0	53037	0	0	0	1500733	0
FFQ	24	0	0	0	0	0	0	0	0	0	0	0	0	0	0	20847	0	0	0	0	0	0	11563	0	0	0	0	0	1595	0	0	0	0	53778	0	0	0	1498644	0
FFQ	25	0	0	0	0	0	0	0	0	0	0	0	0	0	0	21277	0	0	0	0	0	0	11402	0	0	0	0	0	1853	0	0	0	0	54322	0	0	0	1497573	0
FFQ	26	0	0	0	0	0	0	0	0	0	0	0	0	0	0	22764	0	0	0	0	0	0	11115	0	0	0	0	0	2275	0	0	0	0	54499	0	0	0	1495774	0
FFQ	27	0	0	0	0	0	0	0	0	0	0	0	0	0	0	23778	0	0	0	0	0	0	11021	0	0	0	0	0	2603	0	0	0	0	54839	0	0	0	1494186	0
FFQ	28	0	0	0	0	0	0	0	0	0	0	0	0	0	0	24010	0	0	0	0	0	0	10601	0	0	0	0	0	3136	0	0	0	0	55097	0	0	0	1493583	0
FFQ	29	0	0	0	0	0	0	0	0	0	0	0	0	0	0	25202	0	0	0	0	0	0	10029	0	0	0	0	0	3390	0	0	0	0	55456	0	0	0	1492350	0
FFQ	30	0	0	0	0	0	0	0	0	0	0	0	0	0	0	25992	0	0	0	0	0	0	9939	0	0	0	0	0	3593	0	0	0	0	55856	0	0	0	1491047	0
FFQ	31	0	0	0	0	0	0	0	0	0	0	0	0	0	0	26575	0	0	0	0	0	0	9815	0	0	0	0	0	3986	0	0	0	0	56292	0	0	0	1489759	0
FFQ	32	0	0	0	0	0	0	0	0	0	0	0	0	0	0	27804	0	0	0	0	0	0	9498	0	0	0	0	0	4276	0	0	0	0	56321	0	0	0	1488528	0
FFQ	33	0	0	0	0	0	0	0	0	0	0	0	0	0	0	28244	0	0	0	0	0	0	9399	0	0	0	0	0	4505	0	0	0	0	56404	0	0	0	1487875	0
FFQ	34	0	0	0	0	0	0	0	0	0	0	0	0	0	0	28990	0	0	0	0	0	0	8885	0	0	0	0	0	4888	0	0	0	0	56082	0	0	0	1487582	0
FFQ	35	0	0	0	0	0	0	0	0	0	0	0	0	0	0	29870	0	0	0	0	0	0	8715	0	0	0	0	0	5178	0	0	0	0	56769	0	0	0	1485895	0
FFQ	36	0	0	0	0	0	0	0	0	0	0	0	0	0	0	30509	0	0	0	0	0	0	8511	0	0	0	0	0	5359	0	0	0	0	57147	0	0	0	1484901	0
FFQ	37	0	0	0	0	0	0	0	0	0	0	0	0	0	0	30956	0	0	0	0	0	0	8041	0	0	0	0	0	5503	0	0	0	0	57534	0	0	0	1483363	0
FFQ	38	0	0	0	0	0	0	0	0	0	0	0	0	0	0	32109	0	0	0	0	0	0	7801	0	0	0	0	0	5749	0	0	0	0	58040	0	0	0	1480486	0
FFQ	39	0	0	0	0	0	0	0	0	0	0	0	0	0	0	32664	0	0	0	0	0	0	7568	0	0	0	0	0	5893	0	0	0	0	58143	0	0	0	1478547	0
FFQ	40	0	0	0	0	0	0	0	0	0	0	0	0	0	0	33456	0	0	0	0	0	0	7353	0	0	0	0	0	5928	0	0	0	0	58174	0	0	0	1476450	0
FFQ	41	0	0	0	0	0	0	0	0	0	0	0	0	0	0	33038	0	0	0	0	0	0	7216	0	0	0	0	0	5944	0	0	0	0	58348	0	0	0	1475367	0
FFQ	42	0	0	0	0	0	0	0	0	0	0	0	0	0	0	33522	0	0	0	0	0	0	7127	0	0	0	0	0	6123	0	0	0	0	57834	0	0	0	1473676	0
FFQ	43	0	0	0	0	0	0	0	0	0	0	0	0	0	0	33996	0	0	0	0	0	0	7094	0	0	0	0	0	6195	0	0	0	0	58291	0	0	0	1471000	0
FFQ	44	0	0	0	0	0	0	0	0	0	0	0	0	0	0	34806	0	0	0	0	0	0	6942	0	0	0	0	0	6352	0	0	0	0	58482	0	0	0	1468265	0
FFQ	45	0	0	0	0	0	0	0	0	0	0	0	0	0	0	35234	0	0	0	0	0	0	6963	0	0	0	0	0	6375	0	0	0	0	57953	0	0	0	1466401	0
FFQ	46	0	0	0	0	0	0	0	0	0	0	0	0	0	0	35423	0	0	0	0	0	0	7003	0	0	0	0	0	6751	0	0	0	0	58035	0	0	0	1463649	0
FFQ	47	0	0	0	0	0	0	0	0	0	0	0	0	0	0	35913	0	0	0	0	0	0	7107	0	0	0	0	0	7063	0	0	0	0	57836	0	0	0	1460797	0
FFQ	48	0	0	0	0	0	0	0	0	0	0	0	0	0	0	36180	0	0	0	0	0	0	7351	0	0	0	0	0	7502	0	0	0	0	57399	0	0	0	1458033	0
FFQ	49	0	0	0	0	0	0	0	0	0	0	0	0	0	0	36459	0	0	0	0	0	0	7680	0	0	0	0	0	8147	0	0	0	0	56981	0	0	0	1454909	0
FFQ	50	0	0	2	0	0	0	0	0	0	0	0	0	0	0	37108	0	0	0	0	0	0	7737	0	0	0	0	0	8338	0	0	0	0	56855	0	0	0	1451818	0
FFQ	51	0	0	0	0	0	0	0	0	0	0	0	0	0	0	37412	0	0	0	0	0	0	8236	0	0	0	0	0	9052	0	0	0	0	57469	0	0	0	1447303	0
FFQ	52	0	0	0	0	0	0	0	0	0	0	0	0	0	0	37315	0	0	0	0	0	0	8254	0	0	0	0	0	9323	0	0	0	0	57375	0	0	0	1444668	0
FFQ	53	0	0	0	0	0	0	0	0	0	0	0	0	0	0	37602	0	0	0	0	0	0	8669	0	0	0	0	0	10050	0	0	0	0	57278	0	0	0	1440862	0
FFQ	54	0	0	0	0	0	0	0	0	0	0	0	0	0	0	38555	0	0	0	0	0	0	8817	0	0	0	0	0	10389	0	0	0	0	58112	0	0	0	1435991	0
FFQ	55	0	0	0	0	0	0	0	0	0	0	0	0	0	0	38350	0	0	0	0	0	0	9037	0	0	0	0	0	10940	0	0	0	0	58766	0	0	0	1431998	0
FFQ	56	0	0	0	0	0	0	0	0	0	0	0	0	0	0	38847	0	0	0	0	0	0	9244	0	0	0	0	0	11400	0	0	0	0	60543	0	0	0	1426178	0
FFQ	57	0	0	0	0	0	0	0	0	0	0	0	0	0	0	39115	0	0	0	0	0	0	9420	0	0	0	0	0	12215	0	0	0	0	61295	0	0	0	1421235	0
FFQ	58	0	0	0	0	0	0	0	0	0	0	0	0	0	0	39288	0	0	0	0	0	0	9709	0	0	0	0	0	12755	0	0	0	0	62078	0	0	0	1416379	0
FFQ	59	0	0	0	0	0	0	0	0	0	0	0	0	0	0	40168	0	0	0	0	0	0	9786	0	0	0	0	0	13576	0	0	0	0	64915	0	0	0	1408493	0
FFQ	60	0	0	0	0	0	0	0	0	0	0	0	0	0	0	40318	0	0	0	0	0	0	9900	0	0	0	0	0	14350	0	0	0	0	67252	0	0	0	1401888	0
FFQ	61	0	0	0	0	0	0	0	0	0	0	0	0	0	0	40793	0	0	0	0	0	0	9849	0	0	0	0	0	14844	0	0	0	0	70656	0	0	0	1394245	0
FFQ	62	0	0	0	0	0	0	0	0	0	0	0	0	0	0	41425	0	0	0	0	0	0	9882	0	0	0	0	0	15726	0	0	0	0	72985	0	0	0	1386972	0
FFQ	63	0	0	0	0	0	0	0	0	0	0	0	0	0	0	41472	0	0	0	0	0	0	10025	0	0	0	0	0	16151	0	0	0	0	76407	0	0	0	1379510	0
FFQ	64	0	0	0	0	0	0	0	0	0	0	0	0	0	0	41178	0	0	0	0	0	0	9807	0	0	0	0	0	16981	0	0	0	0	78397	0	0	0	1373617	0
FFQ	65	0	0	0	0	0	0	0	0	0	0	0	0	0	0	41696	0	0	0	0	0	0	9789	0	0	0	0	0	17482	0	0	0	0	81855	0	0	0	1365623	0
FFQ	66	0	0	0	0	0	0	0	0	0	0	0	0	0	0	42275	0	0	0	0	0	0	9696	0	0	0	0	0	18831	0	0	0	0	86810	0	0	0	1355199	0
FFQ	67	0	0	0	0	0	0	0	0	0	0	0	0	0	0	42389	0	0	0	0	0	0	9660	0	0	0	0	0	19245	0	0	0	0	89388	0	0	0	1348377	0
FFQ	68	0	0	0	0	0	0	0	0	0	0	0	0	0	0	43038	0	0	0	0	0	0	9731	0	0	0	0	0	20247	0	0	0	0	92376	0	0	0	1339852	0
FFQ	69	0	0	1	0	0	0	0	0	0	0	0	0	0	0	42747	0	0	0	0	0	0	9906	0	0	0	0	0	20832	0	0	0	0	94729	0	0	0	1332955	0
FFQ	70	0	0	0	0	0	0	0	0	0	0	0	0	0	0	43025	0	0	0	0	0	0	9907	0	0	0	0	0	21536	0	0	0	0	97886	0	0	0	1324748	0
FFQ	71	0	0	0	0	0	0	0	0	0	0	0	0	0	0	43382	0	0	0	0	0	0	9768	0	0	0	0	0	23294	0	0	0	0	100938	0	0	0	1315584	0
FFQ	72	0	0	0	0	0	0	0	0	0	0	0	0	0	0	43785	0	0	0	0	0	0	9611	0	0	0	0	0	23805	0	0	0	0	103258	0	0	0	1308334	0
FFQ	73	0	0	0	0	0	0	0	0	0	0	0	0	0	0	44033	0	0	0	0	0	0	9360	0	0	0	0	0	25516	0	0	0	0	106310	0	0	0	1299434	0
FFQ	74	0	0	0	0	0	0	0	0	0	0	0	0	0	0	43822	0	0	0	0	0	0	9442	0	0	0	0	0	26432	0	0	0	0	107759	0	0	0	1293016	0
FFQ	75	0	0	0	0	0	0	0	0	0	0	0	0	0	0	44495	0	0	0	0	0	0	9316	0	0	0	0	0	27180	0	0	0	0	109088	0	0	0	1286216	0
FFQ	76	0	0	0	0	0	0	0	0	0	0	0	0	0	0	44652	0	0	0	0	0	0	9205	0	0	0	0	0	28006	0	0	0	0	109291	0	0	0	1280701	0
FFQ	77	0	0	0	0	0	0	0	0	0	0	0	0	0	0	44722	0	0	0	0	0	0	9342	0	0	0	0	0	28861	0	0	0	0	110611	0	0	0	1273804	0
FFQ	78	0	0	0	0	0	0	0	0	0	0	0	0	0	0	45947	0	0	0	0	0	0	9155	0	0	0	0	0	29509	0	0	0	0	111788	0	0	0	1266428	0
FFQ	79	0	0	0	0	0	0	0	0	0	0	0	0	0	0	45485	0	0	0	0	0	0	9168	0	0	0	0	0	30293	0	0	0	0	113095	0	0	0	1260085	0
FFQ	80	0	0	0	0	0	0	0	0	0	0	0	0	0	0	46285	0	0	0	0	0	0	9120	0	0	0	0	0	31167	0	0	0	0	114125	0	0	0	1252787	0
FFQ	81	0	0	0	0	0	0	0	0	0	0	0	0	0	0	46423	0	0	0	0	0	0	9047	0	0	0	0	0	31203	0	0	0	0	113949	0	0	0	1248036	0
FFQ	82	0	0	0	0	0	0	0	0	0	0	0	0	0	0	46461	0	0	0	0	0	0	8653	0	0	0	0	0	31388	0	0	0	0	115121	0	0	0	1242283	0
FFQ	83	0	0	0	0	0	0	0	0	0	0	0	0	0	0	47456	0	0	0	0	0	0	8658	0	0	0	0	0	32202	0	0	0	0	114939	0	0	0	1235797	0
FFQ	84	0	0	0	0	0	0	0	0	0	0	0	0	0	0	47731	0	0	0	0	0	0	8601	0	0	0	0	0	32479	0	0	0	0	115557	0	0	0	1229886	0
FFQ	85	0	0	0	0	0	0	0	0	0	0	0	0	0	0	48010	0	0	0	0	0	0	8883	0	0	0	0	0	32899	0	0	0	0	115257	0	0	0	1224466	0
FFQ	86	0	0	0	0	0	0	0	0	0	0	0	0	0	0	48223	0	0	0	0	0	0	8671	0	0	0	0	0	33367	0	0	0	0	116251	0	0	0	1218067	0
FFQ	87	0	0	0	0	0	0	0	0	0	0	0	0	0	0	49219	0	0	0	0	0	0	8562	0	0	0	0	0	33362	0	0	0	0	115984	0	0	0	1212599	0
FFQ	88	0	0	0	0	0	0	0	0	0	0	0	0	0	0	49329	0	0	0	0	0	0	8816	0	0	0	0	0	33435	0	0	0	0	116604	0	0	0	1206622	0
FFQ	89	0	0	0	0	0	0	0	0	0	0	0	0	0	0	48936	0	0	0	0	0	0	8679	0	0	0	0	0	33820	0	0	0	0	117758	0	0	0	1200639	0
FFQ	90	0	0	0	0	0	0	0	0	0	0	0	0	0	0	49888	0	0	0	0	0	0	8968	0	0	0	0	0	34333	0	0	0	0	117836	0	0	0	1193678	0
FFQ	91	0	0	0	0	0	0	0	0	0	0	0	0	0	0	50169	0	0	0	0	0	0	8811	0	0	0	0	0	34692	0	0	0	0	118818	0	0	0	1187096	0
FFQ	92	0	0	0	0	0	0	0	0	0	0	0	0	0	0	50394	0	0	0	0	0	0	9164	0	0	0	0	0	35232	0	0	0	0	119992	0	0	0	1179626	0
FFQ	93	0	0	0	0	0	0	0	0	0	0	0	0	0	0	50333	0	0	0	0	0	0	9141	0	0	0	0	0	35610	0	0	0	0	120036	0	0	0	1174053	0
FFQ	94	0	0	0	0	0	0	0	0	0	0	0	0	0	0	50696	0	0	0	0	0	0	9287	0	0	0	0	0	36275	0	0	0	0	123296	0	0	0	1164589	0
FFQ	95	0	0	0	0	0	0	0	0	0	0	0	0	0	0	51293	0	0	0	0	0	0	9405	0	0	0	0	0	37110	0	0	0	0	122893	0	0	0	1158247	0
FFQ	96	0	0	0	0	0	0	0	0	0	0	0	0	0	0	51659	0	0	0	0	0	0	9226	0	0	0	0	0	37164	0	0	0	0	123679	0	0	0	1152046	0
FFQ	97	0	0	0	0	0	0	0	0	0	0	0	0	0	0	51880	0	0	0	0	0	0	9237	0	0	0	0	0	38235	0	0	0	0	126009	0	0	0	1143089	0
FFQ	98	0	0	0	0	0	0	0	0	0	0	0	0	0	0	52529	0	0	0	0	0	0	9362	0	0	0	0	0	38642	0	0	0	0	126743	0	0	0	1135846	0
FFQ	99	0	0	0	0	0	0	0	0	0	0	0	0	0	0	53191	0	0	0	0	0	0	9538	0	0	0	0	0	39950	0	0	0	0	129702	0	0	0	1125346	0
FFQ	100	0	0	0	0	0	0	0	0	0	0	0	0	0	0	52423	0	0	0	0	0	0	9508	0	0	0	0	0	40287	0	0	0	0	128554	0	0	0	1121557	0
FFQ	101	0	0	0	0	0	0	0	0	0	0	0	0	0	0	52849	0	0	0	0	0	0	9349	0	0	0	0	0	41247	0	0	0	0	130138	0	0	0	1113217	0
FFQ	102	0	0	0	0	0	0	0	0	0	0	0	0	0	0	53457	0	0	0	0	0	0	9415	0	0	0	0	0	43221	0	0	0	0	132815	0	0	0	1102482	0
FFQ	103	0	0	0	0	0	0	0	0	0	0	0	0	0	0	53207	0	0	0	0	0	0	9413	0	0	0	0	0	44045	0	0	0	0	133860	0	0	0	1095412	0
FFQ	104	0	0	0	0	0	0	0	0	0	0	0	0	0	0	54676	0	0	0	0	0	0	9538	0	0	0	0	0	45053	0	0	0	0	135268	0	0	0	1085775	0
FFQ	105	0	0	0	0	0	0	0	0	0	0	0	0	0	0	54986	0	0	0	0	0	0	9357	0	0	0	0	0	46682	0	0	0	0	135739	0	0	0	1078089	0
FFQ	106	0	0	0	0	0	0	0	0	0	0	0	0	0	0	54565	0	0	0	0	0	0	9257	0	0	0	0	0	47619	0	0	0	0	138000	0	0	0	1069917	0
FFQ	107	0	0	0	0	0	0	0	0	0	0	0	0	0	0	55000	0	0	0	0	0	0	9232	0	0	0	0	0	49136	0	0	0	0	140400	0	0	0	1060224	0
FFQ	108	0	0	0	0	0	0	0	0	0	0	0	0	0	0	55910	0	0	0	0	0	0	8987	0	0	0	0	0	51504	0	0	0	0	144578	0	0	0	1047510	0
FFQ	109	0	0	0	0	0	0	0	0	0	0	0	0	0	0	56160	0	0	0	0	0	0	8855	0	0	0	0	0	51878	0	0	0	0	144128	0	0	0	1041866	0
FFQ	110	0	0	0	0	0	0	0	0	0	0	0	0	0	0	56786	0	0	0	0	0	0	9132	0	0	0	0	0	53032	0	0	0	0	147151	0	0	0	1031255	0
FFQ	111	0	0	0	0	0	0	0	0	0	0	0	0	0	0	57940	0	0	0	0	0	0	8921	0	0	0	0	0	55577	0	0	0	0	152329	0	0	0	1016755	0
FFQ	112	0	0	0	0	0	0	0	0	0	0	0	0	0	0	58136	0	0	0	0	0	0	8892	0	0	0	0	0	57202	0	0	0	0	155081	0	0	0	1006485	0
FFQ	113	0	0	0	0	0	0	0	0	0	0	0	0	0	0	58786	0	0	0	0	0	0	8848	0	0	0	0	0	59629	0	0	0	0	159972	0	0	0	992747	0
FFQ	114	0	0	0	0	0	0	0	0	0	0	0	0	0	0	58815	0	0	0	0	0	0	8568	0	0	0	0	0	60426	0	0	0	0	159614	0	0	0	986742	0
FFQ	115	0	0	0	0	0	0	0	0	0	0	0	0	0	0	59106	0	0	0	0	0	0	9110	0	0	0	0	0	62860	0	0	0	0	165376	0	0	0	971833	0
FFQ	116	0	0	0	0	0	0	0	0	0	0	0	0	0	0	59218	0	0	0	0	0	0	8662	0	0	0	0	0	64825	0	0	0	0	170736	0	0	0	958818	0
FFQ	117	0	0	0	0	0	0	0	0	0	0	0	0	0	0	60025	0	0	0	0	0	0	8337	0	0	0	0	0	66047	0	0	0	0	171187	0	0	0	950930	0
FFQ	118	0	0	0	0	0	0	0	0	0	0	0	0	0	0	60927	0	0	0	0	0	0	8429	0	0	0	0	0	69579	0	0	0	0	178506	0	0	0	932975	0
FFQ	119	0	0	0	0	0	0	0	0	0	0	0	0	0	0	61062	0	0	0	0	0	0	8710	0	0	0	0	0	71576	0	0	0	0	182838	0	0	0	920329	0
FFQ	120	0	0	0	0	0	0	0	0	0	0	0	0	0	0	62338	0	0	0	0	0	0	9205	0	0	0	0	0	74030	0	0	0	0	191741	0	0	0	901226	0
FFQ	121	0	0	0	0	0	0	0	0	0	0	0	0	0	0	62603	0	0	0	0	0	0	8868	0	0	0	0	0	74746	0	0	0	0	191266	0	0	0	895085	0
FFQ	122	0	0	1	0	0	0	0	0	0	0	0	0	0	0	62899	0	0	0	0	0	0	8919	0	0	0	0	0	79001	0	0	0	0	198202	0	0	0	877592	0
FFQ	123	0	0	0	0	0	0	0	0	0	0	0	0	0	0	62966	0	0	0	0	0	0	8902	0	0	0	0	0	81463	0	0	0	0	204445	0	0	0	862586	0
FFQ	124	0	0	0	0	0	0	0	0	0	0	0	0	0	0	62643	0	0	0	0	0	0	9377	0	0	0	0	0	83806	0	0	0	0	210711	0	0	0	847626	0
FFQ	125	0	0	0	0	0	0	0	0	0	0	0	0	0	0	64434	0	0	0	0	0	0	9680	0	0	0	0	0	87083	0	0	0	0	216930	0	0	0	830059	0
FFQ	126	0	0	0	0	0	0	0	0	0	0	0	0	0	0	64153	0	0	0	0	0	0	10315	0	0	0	0	0	89214	0	0	0	0	223742	0	0	0	814623	0
FFQ	127	0	0	0	0	0	0	0	0	0	0	0	0	0	0	64850	0	0	0	0	0	0	10790	0	0	0	0	0	92670	0	0	0	0	231001	0	0	0	796458	0
FFQ	128	0	0	0	0	0	0	0	0	0	0	0	0	0	0	65571	0	0	0	0	0	0	10912	0	0	0	0	0	94294	0	0	0	0	234246	0	0	0	784524	0
FFQ	129	0	0	0	0	0	0	0	0	0	0	0	0	0	0	64905	0	0	0	0	0	0	12234	0	0	0	0	0	97705	0	0	0	0	243921	0	0	0	764534	0
FFQ	130	0	0	0	0	0	0	0	0	0	0	0	0	0	0	64701	0	0	0	0	0	0	12973	0	0	0	0	0	99965	0	0	0	0	251623	0	0	0	747937	0
FFQ	131	0	0	0	0	0	0	0	0	0	0	0	0	0	0	64833	0	0	0	0	0	0	13490	0	0	0	0	0	100288	0	0	0	0	257790	0	0	0	734593	0
FFQ	132	0	0	0	0	0	0	0	0	0	0	0	0	0	0	65649	0	0	0	0	0	0	14957	0	0	0	0	0	103855	0	0	0	0	267509	0	0	0	712596	0
FFQ	133	0	0	0	0	0	0	0	0	0	0	0	0	0	0	66414	0	0	0	0	0	0	15996	0	0	0	0	0	106014	0	0	0	0	274927	0	0	0	694965	0
FFQ	134	0	0	0	0	0	0	0	0	0	0	0	0	0	0	66440	0	0	0	0	0	0	17172	0	0	0	0	0	107981	0	0	0	0	283910	0	0	0	676729	0
FFQ	135	0	0	0	0	0	0	0	0	0	0	0	0	0	0	67443	0	0	0	0	0	0	17801	0	0	0	0	0	109942	0	0	0	0	287642	0	0	0	663536	0
FFQ	136	0	0	0	0	0	0	0	0	0	0	0	0	0	0	67836	0	0	0	0	0	0	19797	0	0	0	0	0	112290	0	0	0	0	301018	0	0	0	644491	0
FFQ	137	0	0	0	0	0	0	0	0	0	0	0	0	0	0	68385	0	0	0	0	0	0	19922	0	0	0	0	0	113625	0	0	0	0	303226	0	0	0	639294	0
FFQ	138	0	0	0	0	0	0	0	0	0	0	0	0	0	0	69119	0	0	0	0	0	0	20655	0	0	0	0	0	114951	0	0	0	0	309567	0	0	0	629267	0
FFQ	139	0	0	0	0	0	0	0	0	0	0	0	0	0	0	68738	0	0	0	0	0	0	22238	0	0	0	0	0	116104	0	0	0	0	315740	0	0	0	619838	0
FFQ	140	0	0	0	0	0	0	0	0	0	0	0	0	0	0	69183	0	0	0	0	0	0	22972	0	0	0	0	0	116608	0	0	0	0	319452	0	0	0	613568	0
FFQ	141	0	0	0	0	0	0	0	0	0	0	0	0	0	0	69651	0	0	0	0	0	0	24546	0	0	0	0	0	118170	0	0	0	0	329421	0	0	0	599131	0
FFQ	142	0	0	0	0	0	0	0	0	0	0	0	0	0	0	69684	0	0	0	0	0	0	25723	0	0	0	0	0	119399	0	0	0	0	335008	0	0	0	590154	0
FFQ	143	0	0	0	0	0	0	0	0	0	0	0	0	0	0	70803	0	0	0	0	0	0	26311	0	0	0	0	0	121018	0	0	0	0	341094	0	0	0	579778	0
FFQ	144	0	0	0	0	0	0	0	0	0	0	0	0	0	0	71265	0	0	0	0	0	0	26747	0	0	0	0	0	121830	0	0	0	0	343331	0	0	0	574860	0
FFQ	145	0	0	0	0	0	0	0	0	0	0	0	0	0	0	72469	0	0	0	0	0	0	27466	0	0	0	0	0	122896	0	0	0	0	345742	0	0	0	568512	0
FFQ	146	0	0	0	0	0	0	0	0	0	0	0	0	0	0	73005	0	0	0	0	0	0	28306	0	0	0	0	0	123822	0	0	0	0	351346	0	0	0	559660	0
FFQ	147	0	0	0	0	0	0	0	0	0	0	0	0	0	0	72887	0	0	0	0	0	0	29043	0	0	0	0	0	124322	0	0	0	0	353797	0	0	0	555074	0
FFQ	148	0	0	0	0	0	0	0	0	0	0	0	0	0	0	73211	0	0	0	0	0	0	29397	0	0	0	0	0	124505	0	0	0	0	354238	0	0	0	552476	0
FFQ	149	0	0	0	0	0	0	0	0	0	0	0	0	0	0	70229	0	0	0	0	0	0	29600	0	0	0	0	0	126045	0	0	0	0	357707	0	0	0	546085	0
FFQ	150	0	0	0	0	0	0	0	0	0	0	0	0	0	0	51274	0	0	0	0	0	0	29635	0	0	0	0	0	126662	0	0	0	0	358403	0	0	0	542498	0
FFQ	151	0	0	0	0	0	0	0	0	0	0	0	0	0	0	0	0	0	0	0	0	0	64489	0	0	0	0	0	222213	0	0	0	0	336625	0	0	0	242782	0
# Last Fragment Qualities. Use `grep ^LFQ | cut -f 2-` to extract this part.
# Columns correspond to qualities and rows to cycles. First column is the cycle number.
LFQ	1	0	0	0	0	0	0	0	0	0	0	0	0	0	0	31466	0	0	0	0	0	0	20869	0	0	0	0	0	1003	0	0	0	0	1533089	0	0	0	0	0
LFQ	2	0	0	0	0	0	0	0	0	0	0	0	0	0	0	47902	0	0	0	0	0	0	11629	0	0	0	0	0	626	0	0	0	0	1526270	0	0	0	0	0
LFQ	3	0	0	0	0	0	0	0	0	0	0	0	0	0	0	50441	0	0	0	0	0	0	14750	0	0	0	0	0	950	0	0	0	0	1520286	0	0	0	0	0
LFQ	4	0	0	0	0	0	0	0	0	0	0	0	0	0	0	45320	0	0	0	0	0	0	15376	0	0	0	0	0	1525	0	0	0	0	1524009	0	0	0	197	0
LFQ	5	0	0	0	0	0	0	0	0	0	0	0	0	0	0	46451	0	0	0	0	0	0	14147	0	0	0	0	0	2490	0	0	0	0	1522023	0	0	0	1316	0
LFQ	6	0	0	0	0	0	0	0	0	0	0	0	0	0	0	44571	0	0	0	0	0	0	16435	0	0	0	0	0	2525	0	0	0	0	69675	0	0	0	1453221	0
LFQ	7	0	0	0	0	0	0	0	0	0	0	0	0	0	0	44180	0	0	0	0	0	0	16646	0	0	0	0	0	3153	0	0	0	0	71928	0	0	0	1450520	0
LFQ	8	0	0	1	0	0	0	0	0	0	0	0	0	0	0	48460	0	0	0	0	0	0	15476	0	0	0	0	0	4616	0	0	0	0	75055	0	0	0	1442819	0
LFQ	9	0	0	1	0	0	0	0	0	0	0	0	0	0	0	42358	0	0	0	0	0	0	14391	0	0	0	0	0	3708	0	0	0	0	74074	0	0	0	1451895	0
LFQ	10	0	0	1	0	0	0	0	0	0	0	0	0	0	0	49832	0	0	0	0	0	0	12124	0	0	0	0	0	6224	0	0	0	0	79338	0	0	0	1438908	0
LFQ	11	0	0	1	0	0	0	0	0	0	0	0	0	0	0	43240	0	0	0	0	0	0	13544	0	0	0	0	0	3627	0	0	0	0	71140	0	0	0	1454875	0
LFQ	12	0	0	3	0	0	0	0	0	0	0	0	0	0	0	48635	0	0	0	0	0	0	13290	0	0	0	0	0	5893	0	0	0	0	80370	0	0	0	1438236	0
LFQ	13	0	0	2	0	0	0	0	0	0	0	0	0	0	0	46991	0	0	0	0	0	0	12655	0	0	0	0	0	4753	0	0	0	0	76123	0	0	0	1445903	0
LFQ	14	0	0	15	0	0	0	0	0	0	0	0	0	0	0	49354	0	0	0	0	0	0	12401	0	0	0	0	0	6003	0	0	0	0	80391	0	0	0	1438263	0
LFQ	15	0	0	2	0	0	0	0	0	0	0	0	0	0	0	52239	0	0	0	0	0	0	11114	0	0	0	0	0	6736	0	0	0	0	78474	0	0	0	1437862	0
LFQ	16	0	0	17	0	0	0	0	0	0	0	0	0	0	0	53159	0	0	0	0	0	0	11308	0	0	0	0	0	7252	0	0	0	0	77618	0	0	0	1437073	0
LFQ	17	0	0	16	0	0	0	0	0	0	0	0	0	0	0	52824	0	0	0	0	0	0	10954	0	0	0	0	0	7943	0	0	0	0	76989	0	0	0	1437701	0
LFQ	18	0	0	14	0	0	0	0	0	0	0	0	0	0	0	53701	0	0	0	0	0	0	10935	0	0	0	0	0	8678	0	0	0	0	76693	0	0	0	1436406	0
LFQ	19	0	0	8	0	0	0	0	0	0	0	0	0	0	0	54533	0	0	0	0	0	0	10209	0	0	0	0	0	9467	0	0	0	0	77549	0	0	0	1434661	0
LFQ	20	0	0	18	0	0	0	0	0	0	0	0	0	0	0	55696	0	0	0	0	0	0	9819	0	0	0	0	0	10035	0	0	0	0	77843	0	0	0	1433016	0
LFQ	21	0	0	12	0	0	0	0	0	0	0	0	0	0	0	56538	0	0	0	0	0	0	9450	0	0	0	0	0	10584	0	0	0	0	78405	0	0	0	1431438	0
LFQ	22	0	0	14	0	0	0	0	0	0	0	0	0	0	0	56855	0	0	0	0	0	0	9124	0	0	0	0	0	10960	0	0	0	0	78370	0	0	0	1431104	0
LFQ	23	0	0	11	0	0	0	0	0	0	0	0	0	0	0	57819	0	0	0	0	0	0	9267	0	0	0	0	0	11226	0	0	0	0	79321	0	0	0	1428783	0
LFQ	24	0	0	4	0	0	0	0	0	0	0	0	0	0	0	58186	0	0	0	0	0	0	9052	0	0	0	0	0	11566	0	0	0	0	79093	0	0	0	1428526	0
LFQ	25	0	0	2	0	0	0	0	0	0	0	0	0	0	0	59688	0	0	0	0	0	0	8891	0	0	0	0	0	11524	0	0	0	0	79787	0	0	0	1426535	0
LFQ	26	0	0	4	0	0	0	0	0	0	0	0	0	0	0	59934	0	0	0	0	0	0	8569	0	0	0	0	0	11899	0	0	0	0	80269	0	0	0	1425752	0
LFQ	27	0	0	21	0	0	0	0	0	0	0	0	0	0	0	61630	0	0	0	0	0	0	8544	0	0	0	0	0	12454	0	0	0	0	80374	0	0	0	1423404	0
LFQ	28	0	0	40	0	0	0	0	0	0	0	0	0	0	0	61704	0	0	0	0	0	0	8533	0	0	0	0	0	12971	0	0	0	0	81400	0	0	0	1421779	0
LFQ	29	0	0	68	0	0	0	0	0	0	0	0	0	0	0	62955	0	0	0	0	0	0	8575	0	0	0	0	0	13500	0	0	0	0	79988	0	0	0	1421341	0
LFQ	30	0	0	63	0	0	0	0	0	0	0	0	0	0	0	64091	0	0	0	0	0	0	8726	0	0	0	0	0	13622	0	0	0	0	80818	0	0	0	1419107	0
LFQ	31	0	0	103	0	0	0	0	0	0	0	0	0	0	0	64588	0	0	0	0	0	0	8747	0	0	0	0	0	14072	0	0	0	0	81173	0	0	0	1417744	0
LFQ	32	0	0	51	0	0	0	0	0	0	0	0	0	0	0	65262	0	0	0	0	0	0	9021	0	0	0	0	0	14066	0	0	0	0	81233	0	0	0	1416794	0
LFQ	33	0	0	40	0	0	0	0	0	0	0	0	0	0	0	66211	0	0	0	0	0	0	9306	0	0	0	0	0	15712	0	0	0	0	81754	0	0	0	1413404	0
LFQ	34	0	0	39	0	0	0	0	0	0	0	0	0	0	0	66579	0	0	0	0	0	0	9604	0	0	0	0	0	16946	0	0	0	0	80681	0	0	0	1412578	0
LFQ	35	0	0	59	0	0	0	0	0	0	0	0	0	0	0	67338	0	0	0	0	0	0	10098	0	0	0	0	0	17517	0	0	0	0	81067	0	0	0	1410348	0
LFQ	36	0	0	34	0	0	0	0	0	0	0	0	0	0	0	67435	0	0	0	0	0	0	10733	0	0	0	0	0	18812	0	0	0	0	80901	0	0	0	1408512	0
LFQ	37	0	0	36	0	0	0	0	0	0	0	0	0	0	0	68004	0	0	0	0	0	0	11170	0	0	0	0	0	19079	0	0	0	0	80918	0	0	0	1405419	0
LFQ	38	0	0	22	0	0	0	0	0	0	0	0	0	0	0	68230	0	0	0	0	0	0	11805	0	0	0	0	0	20498	0	0	0	0	80692	0	0	0	1401395	0
LFQ	39	0	0	18	0	0	0	0	0	0	0	0	0	0	0	68225	0	0	0	0	0	0	12680	0	0	0	0	0	20985	0	0	0	0	80303	0	0	0	1398316	0
LFQ	40	0	0	60	0	0	0	0	0	0	0	0	0	0	0	68831	0	0	0	0	0	0	12374	0	0	0	0	0	22503	0	0	0	0	82482	0	0	0	1392045	0
LFQ	41	0	0	23	0	0	0	0	0	0	0	0	0	0	0	69338	0	0	0	0	0	0	13312	0	0	0	0	0	23399	0	0	0	0	83976	0	0	0	1386032	0
LFQ	42	0	0	44	0	0	0	0	0	0	0	0	0	0	0	69555	0	0	0	0	0	0	13854	0	0	0	0	0	24304	0	0	0	0	85107	0	0	0	1380870	0
LFQ	43	0	0	26	0	0	0	0	0	0	0	0	0	0	0	69229	0	0	0	0	0	0	13839	0	0	0	0	0	25267	0	0	0	0	88144	0	0	0	1374801	0
LFQ	44	0	0	14	0	0	0	0	0	0	0	0	0	0	0	70325	0	0	0	0	0	0	14009	0	0	0	0	0	26052	0	0	0	0	90608	0	0	0	1367852	0
LFQ	45	0	0	8	0	0	0	0	0	0	0	0	0	0	0	70049	0	0	0	0	0	0	13907	0	0	0	0	0	26757	0	0	0	0	93630	0	0	0	1361936	0
LFQ	46	0	0	22	0	0	0	0	0	0	0	0	0	0	0	70074	0	0	0	0	0	0	14130	0	0	0	0	0	28031	0	0	0	0	95989	0	0	0	1355310	0
LFQ	47	0	0	15	0	0	0	0	0	0	0	0	0	0	0	70924	0	0	0	0	0	0	14426	0	0	0	0	0	28725	0	0	0	0	100000	0	0	0	1346665	0
LFQ	48	0	0	11	0	0	0	0	0	0	0	0	0	0	0	71102	0	0	0	0	0	0	14487	0	0	0	0	0	29091	0	0	0	0	103141	0	0	0	1340060	0
LFQ	49	0	0	14	0	0	0	0	0	0	0	0	0	0	0	71100	0	0	0	0	0	0	14489	0	0	0	0	0	30332	0	0	0	0	107287	0	0	0	1331804	0
LFQ	50	0	0	54	0	0	0	0	0	0	0	0	0	0	0	71142	0	0	0	0	0	0	14692	0	0	0	0	0	31868	0	0	0	0	111347	0	0	0	1322937	0
LFQ	51	0	0	39	0	0	0	0	0	0	0	0	0	0	0	72199	0	0	0	0	0	0	14360	0	0	0	0	0	32943	0	0	0	0	116432	0	0	0	1313053	0
LFQ	52	0	0	12	0	0	0	0	0	0	0	0	0	0	0	72175	0	0	0	0	0	0	14435	0	0	0	0	0	34761	0	0	0	0	119603	0	0	0	1305001	0
LFQ	53	0	0	7	0	0	0	0	0	0	0	0	0	0	0	72215	0	0	0	0	0	0	14303	0	0	0	0	0	35811	0	0	0	0	121697	0	0	0	1298801	0
LFQ	54	0	0	51	0	0	0	0	0	0	0	0	0	0	0	72602	0	0	0	0	0	0	14412	0	0	0	0	0	37687	0	0	0	0	125812	0	0	0	1288993	0
LFQ	55	0	0	6	0	0	0	0	0	0	0	0	0	0	0	72589	0	0	0	0	0	0	14330	0	0	0	0	0	38890	0	0	0	0	127801	0	0	0	1282562	0
LFQ	56	0	0	10	0	0	0	0	0	0	0	0	0	0	0	73652	0	0	0	0	0	0	14689	0	0	0	0	0	39725	0	0	0	0	127887	0	0	0	1276684	0
LFQ	57	0	0	2	0	0	0	0	0	0	0	0	0	0	0	73618	0	0	0	0	0	0	14779	0	0	0	0	0	41060	0	0	0	0	130970	0	0	0	1268638	0
LFQ	58	0	0	48	0	0	0	0	0	0	0	0	0	0	0	73510	0	0	0	0	0	0	15237	0	0	0	0	0	43029	0	0	0	0	131435	0	0	0	1262141	0
LFQ	59	0	0	34	0	0	0	0	0	0	0	0	0	0	0	73891	0	0	0	0	0	0	15272	0	0	0	0	0	44348	0	0	0	0	132815	0	0	0	1255167	0
LFQ	60	0	0	30	0	0	0	0	0	0	0	0	0	0	0	73502	0	0	0	0	0	0	15134	0	0	0	0	0	45058	0	0	0	0	132721	0	0	0	1251251	0
LFQ	61	0	0	28	0	0	0	0	0	0	0	0	0	0	0	74680	0	0	0	0	0	0	14928	0	0	0	0	0	46860	0	0	0	0	134005	0	0	0	1243259	0
LFQ	62	0	0	26	0	0	0	0	0	0	0	0	0	0	0	74218	0	0	0	0	0	0	15111	0	0	0	0	0	47230	0	0	0	0	133459	0	0	0	1239802	0
LFQ	63	0	0	15	0	0	0	0	0	0	0	0	0	0	0	74743	0	0	0	0	0	0	15061	0	0	0	0	0	48420	0	0	0	0	134634	0	0	0	1232943	0
LFQ	64	0	0	36	0	0	0	0	0	0	0	0	0	0	0	75066	0	0	0	0	0	0	15067	0	0	0	0	0	48527	0	0	0	0	134623	0	0	0	1228455	0
LFQ	65	0	0	55	0	0	0	0	0	0	0	0	0	0	0	76082	0	0	0	0	0	0	14683	0	0	0	0	0	49526	0	0	0	0	135174	0	0	0	1222227	0
LFQ	66	0	0	22	0	0	0	0	0	0	0	0	0	0	0	75880	0	0	0	0	0	0	14503	0	0	0	0	0	51096	0	0	0	0	136635	0	0	0	1215467	0
LFQ	67	0	0	10	0	0	0	0	0	0	0	0	0	0	0	76249	0	0	0	0	0	0	14640	0	0	0	0	0	51808	0	0	0	0	136057	0	0	0	1210514	0
LFQ	68	0	0	15	0	0	0	0	0	0	0	0	0	0	0	76116	0	0	0	0	0	0	14918	0	0	0	0	0	52034	0	0	0	0	135127	0	0	0	1206595	0
LFQ	69	0	0	11	0	0	0	0	0	0	0	0	0	0	0	77580	0	0	0	0	0	0	14751	0	0	0	0	0	52480	0	0	0	0	134978	0	0	0	1200424	0
LFQ	70	0	0	19	0	0	0	0	0	0	0	0	0	0	0	77222	0	0	0	0	0	0	14909	0	0	0	0	0	53610	0	0	0	0	136898	0	0	0	1192906	0
LFQ	71	0	0	3	0	0	0	0	0	0	0	0	0	0	0	77899	0	0	0	0	0	0	14632	0	0	0	0	0	54240	0	0	0	0	136343	0	0	0	1187753	0
LFQ	72	0	0	9	0	0	0	0	0	0	0	0	0	0	0	78218	0	0	0	0	0	0	14626	0	0	0	0	0	54114	0	0	0	0	136768	0	0	0	1182424	0
LFQ	73	0	0	57	0	0	0	0	0	0	0	0	0	0	0	78496	0	0	0	0	0	0	15004	0	0	0	0	0	54891	0	0	0	0	136591	0	0	0	1176380	0
LFQ	74	0	0	8	0	0	0	0	0	0	0	0	0	0	0	78130	0	0	0	0	0	0	15059	0	0	0	0	0	55754	0	0	0	0	137751	0	0	0	1170023	0
LFQ	75	0	0	15	0	0	0	0	0	0	0	0	0	0	0	78707	0	0	0	0	0	0	14895	0	0	0	0	0	56039	0	0	0	0	137740	0	0	0	1164588	0
LFQ	76	0	0	52	0	0	0	0	0	0	0	0	0	0	0	79161	0	0	0	0	0	0	15162	0	0	0	0	0	57405	0	0	0	0	139174	0	0	0	1156067	0
LFQ	77	0	0	13	0	0	0	0	0	0	0	0	0	0	0	79412	0	0	0	0	0	0	15729	0	0	0	0	0	57762	0	0	0	0	139546	0	0	0	1149563	0
LFQ	78	0	0	16	0	0	0	0	0	0	0	0	0	0	0	79486	0	0	0	0	0	0	15547	0	0	0	0	0	59178	0	0	0	0	139622	0	0	0	1143091	0
LFQ	79	0	0	34	0	0	0	0	0	0	0	0	0	0	0	79625	0	0	0	0	0	0	15775	0	0	0	0	0	59608	0	0	0	0	141643	0	0	0	1135070	0
LFQ	80	0	0	20	0	0	0	0	0	0	0	0	0	0	0	80097	0	0	0	0	0	0	15994	0	0	0	0	0	60406	0	0	0	0	142233	0	0	0	1127851	0
LFQ	81	0	0	20	0	0	0	0	0	0	0	0	0	0	0	80917	0	0	0	0	0	0	16236	0	0	0	0	0	61057	0	0	0	0	142406	0	0	0	1120632	0
LFQ	82	0	0	43	0	0	0	0	0	0	0	0	0	0	0	81042	0	0	0	0	0	0	16168	0	0	0	0	0	61715	0	0	0	0	144155	0	0	0	1112874	0
LFQ	83	0	0	11	0	0	0	0	0	0	0	0	0	0	0	80839	0	0	0	0	0	0	16427	0	0	0	0	0	63820	0	0	0	0	145638	0	0	0	1103952	0
LFQ	84	0	0	16	0	0	0	0	0	0	0	0	0	0	0	81485	0	0	0	0	0	0	16278	0	0	0	0	0	63639	0	0	0	0	145743	0	0	0	1098162	0
LFQ	85	0	0	6	0	0	0	0	0	0	0	0	0	0	0	81529	0	0	0	0	0	0	16121	0	0	0	0	0	63956	0	0	0	0	146525	0	0	0	1091868	0
LFQ	86	0	0	13	0	0	0	0	0	0	0	0	0	0	0	81788	0	0	0	0	0	0	16167	0	0	0	0	0	65451	0	0	0	0	147097	0	0	0	1084035	0
LFQ	87	0	0	7	0	0	0	0	0	0	0	0	0	0	0	81808	0	0	0	0	0	0	16112	0	0	0	0	0	67613	0	0	0	0	147075	0	0	0	1076592	0
LFQ	88	0	0	6	0	0	0	0	0	0	0	0	0	0	0	81753	0	0	0	0	0	0	15965	0	0	0	0	0	68546	0	0	0	0	148395	0	0	0	1069013	0
LFQ	89	0	0	7	0	0	0	0	0	0	0	0	0	0	0	81335	0	0	0	0	0	0	16098	0	0	0	0	0	69441	0	0	0	0	148441	0	0	0	1062873	0
LFQ	90	0	0	7	0	0	0	0	0	0	0	0	0	0	0	82409	0	0	0	0	0	0	15909	0	0	0	0	0	69781	0	0	0	0	150489	0	0	0	1053982	0
LFQ	91	0	0	5	0	0	0	0	0	0	0	0	0	0	0	82747	0	0	0	0	0	0	15683	0	0	0	0	0	72177	0	0	0	0	152221	0	0	0	1044116	0
LFQ	92	0	0	5	0	0	0	0	0	0	0	0	0	0	0	83196	0	0	0	0	0	0	15685	0	0	0	0	0	74173	0	0	0	0	152210	0	0	0	1035980	0
LFQ	93	0	0	26	0	0	0	0	0	0	0	0	0	0	0	84266	0	0	0	0	0	0	15315	0	0	0	0	0	75644	0	0	0	0	152725	0	0	0	1027457	0
LFQ	94	0	0	31	0	0	0	0	0	0	0	0	0	0	0	84315	0	0	0	0	0	0	15115	0	0	0	0	0	77929	0	0	0	0	154146	0	0	0	1018303	0
LFQ	95	0	0	5	0	0	0	0	0	0	0	0	0	0	0	85111	0	0	0	0	0	0	15462	0	0	0	0	0	78683	0	0	0	0	157157	0	0	0	1007616	0
LFQ	96	0	0	2	0	0	0	0	0	0	0	0	0	0	0	84951	0	0	0	0	0	0	14868	0	0	0	0	0	82093	0	0	0	0	159239	0	0	0	997102	0
LFQ	97	0	0	64	0	0	0	0	0	0	0	0	0	0	0	85694	0	0	0	0	0	0	15473	0	0	0	0	0	83003	0	0	0	0	160375	0	0	0	987640	0
LFQ	98	0	0	30	0	0	0	0	0	0	0	0	0	0	0	86221	0	0	0	0	0	0	14473	0	0	0	0	0	85202	0	0	0	0	164355	0	0	0	975897	0
LFQ	99	0	0	39	0	0	0	0	0	0	0	0	0	0	0	86700	0	0	0	0	0	0	15062	0	0	0	0	0	87074	0	0	0	0	167626	0	0	0	963569	0
LFQ	100	0	0	11	0	0	0	0	0	0	0	0	0	0	0	87322	0	0	0	0	0	0	14563	0	0	0	0	0	89284	0	0	0	0	171064	0	0	0	951655	0
LFQ	101	0	0	67	0	0	0	0	0	0	0	0	0	0	0	87977	0	0	0	0	0	0	14739	0	0	0	0	0	90670	0	0	0	0	174986	0	0	0	939254	0
LFQ	102	0	0	31	0	0	0	0	0	0	0	0	0	0	0	88773	0	0	0	0	0	0	14523	0	0	0	0	0	94264	0	0	0	0	181674	0	0	0	922349	0
LFQ	103	0	0	16	0	0	0	0	0	0	0	0	0	0	0	88116	0	0	0	0	0	0	14495	0	0	0	0	0	94417	0	0	0	0	184063	0	0	0	914401	0
LFQ	104	0	0	20	0	0	0	0	0	0	0	0	0	0	0	89740	0	0	0	0	0	0	15080	0	0	0	0	0	99348	0	0	0	0	190560	0	0	0	894311	0
LFQ	105	0	0	37	0	0	0	0	0	0	0	0	0	0	0	90116	0	0	0	0	0	0	14998	0	0	0	0	0	99388	0	0	0	0	193477	0	0	0	884807	0
LFQ	106	0	0	41	0	0	0	0	0	0	0	0	0	0	0	90037	0	0	0	0	0	0	15860	0	0	0	0	0	102938	0	0	0	0	202926	0	0	0	864732	0
LFQ	107	0	0	20	0	0	0	0	0	0	0	0	0	0	0	90187	0	0	0	0	0	0	15640	0	0	0	0	0	106957	0	0	0	0	208855	0	0	0	848699	0
LFQ	108	0	0	13	0	0	0	0	0	0	0	0	0	0	0	90928	0	0	0	0	0	0	15632	0	0	0	0	0	111478	0	0	0	0	213835	0	0	0	832226	0
LFQ	109	0	0	18	0	0	0	0	0	0	0	0	0	0	0	91263	0	0	0	0	0	0	16685	0	0	0	0	0	112915	0	0	0	0	222463	0	0	0	814411	0
LFQ	110	0	0	16	0	0	0	0	0	0	0	0	0	0	0	91471	0	0	0	0	0	0	17347	0	0	0	0	0	116687	0	0	0	0	228251	0	0	0	797658	0
LFQ	111	0	0	29	0	0	0	0	0	0	0	0	0	0	0	92245	0	0	0	0	0	0	18979	0	0	0	0	0	117242	0	0	0	0	232740	0	0	0	783647	0
LFQ	112	0	0	12	0	0	0	0	0	0	0	0	0	0	0	91262	0	0	0	0	0	0	21518	0	0	0	0	0	119926	0	0	0	0	247892	0	0	0	757823	0
LFQ	113	0	0	10	0	0	0	0	0	0	0	0	0	0	0	91511	0	0	0	0	0	0	21487	0	0	0	0	0	122119	0	0	0	0	255187	0	0	0	741610	0
LFQ	114	0	0	11	0	0	0	0	0	0	0	0	0	0	0	92590	0	0	0	0	0	0	22031	0	0	0	0	0	122920	0	0	0	0	255314	0	0	0	732550	0
LFQ	115	0	0	20	0	0	0	0	0	0	0	0	0	0	0	92760	0	0	0	0	0	0	24683	0	0	0	0	0	126444	0	0	0	0	268039	0	0	0	706935	0
LFQ	116	0	0	14	0	0	0	0	0	0	0	0	0	0	0	93231	0	0	0	0	0	0	25500	0	0	0	0	0	127371	0	0	0	0	273421	0	0	0	692728	0
LFQ	117	0	0	6	0	0	0	0	0	0	0	0	0	0	0	92877	0	0	0	0	0	0	26120	0	0	0	0	0	128082	0	0	0	0	274882	0	0	0	683762	0
LFQ	118	0	0	21	0	0	0	0	0	0	0	0	0	0	0	92772	0	0	0	0	0	0	29179	0	0	0	0	0	129006	0	0	0	0	290847	0	0	0	657238	0
LFQ	119	0	0	10	0	0	0	0	0	0	0	0	0	0	0	94361	0	0	0	0	0	0	29553	0	0	0	0	0	128992	0	0	0	0	289818	0	0	0	649792	0
LFQ	120	0	0	5	0	0	0	0	0	0	0	0	0	0	0	93780	0	0	0	0	0	0	32037	0	0	0	0	0	129558	0	0	0	0	303255	0	0	0	627410	0
LFQ	121	0	0	4	0	0	0	0	0	0	0	0	0	0	0	93755	0	0	0	0	0	0	33041	0	0	0	0	0	128544	0	0	0	0	304158	0	0	0	619956	0
LFQ	122	0	0	13	0	0	0	0	0	0	0	0	0	0	0	93219	0	0	0	0	0	0	34960	0	0	0	0	0	128019	0	0	0	0	310927	0	0	0	605811	0
LFQ	123	0	0	4	0	0	0	0	0	0	0	0	0	0	0	93262	0	0	0	0	0	0	36632	0	0	0	0	0	128735	0	0	0	0	316775	0	0	0	590761	0
LFQ	124	0	0	6	0	0	0	0	0	0	0	0	0	0	0	93818	0	0	0	0	0	0	36140	0	0	0	0	0	128705	0	0	0	0	315442	0	0	0	585356	0
LFQ	125	0	0	10	0	0	0	0	0	0	0	0	0	0	0	94079	0	0	0	0	0	0	37599	0	0	0	0	0	128149	0	0	0	0	319606	0	0	0	573507	0
LFQ	126	0	0	5	0	0	0	0	0	0	0	0	0	0	0	95027	0	0	0	0	0	0	38513	0	0	0	0	0	128325	0	0	0	0	320479	0	0	0	563928	0
LFQ	127	0	0	10	0	0	0	0	0	0	0	0	0	0	0	94988	0	0	0	0	0	0	38705	0	0	0	0	0	129149	0	0	0	0	321844	0	0	0	554810	0
LFQ	128	0	0	3	0	0	0	0	0	0	0	0	0	0	0	94941	0	0	0	0	0	0	40188	0	0	0	0	0	128976	0	0	0	0	324319	0	0	0	544385	0
LFQ	129	0	0	2	0	0	0	0	0	0	0	0	0	0	0	94781	0	0	0	0	0	0	39756	0	0	0	0	0	128210	0	0	0	0	322628	0	0	0	540688	0
LFQ	130	0	0	28	0	0	0	0	0	0	0	0	0	0	0	96433	0	0	0	0	0	0	40167	0	0	0	0	0	127960	0	0	0	0	323417	0	0	0	531317	0
LFQ	131	0	0	20	0	0	0	0	0	0	0	0	0	0	0	95525	0	0	0	0	0	0	41161	0	0	0	0	0	127888	0	0	0	0	322329	0	0	0	525811	0
LFQ	132	0	0	14	0	0	0	0	0	0	0	0	0	0	0	96422	0	0	0	0	0	0	40671	0	0	0	0	0	127249	0	0	0	0	319872	0	0	0	521588	0
LFQ	133	0	0	6	0	0	0	0	0	0	0	0	0	0	0	95762	0	0	0	0	0	0	41008	0	0	0	0	0	126817	0	0	0	0	319714	0	0	0	515879	0
LFQ	134	0	0	1	0	0	0	0	0	0	0	0	0	0	0	96970	0	0	0	0	0	0	41033	0	0	0	0	0	126485	0	0	0	0	318058	0	0	0	510160	0
LFQ	135	0	0	13	0	0	0	0	0	0	0	0	0	0	0	97789	0	0	0	0	0	0	41268	0	0	0	0	0	126334	0	0	0	0	316304	0	0	0	505345	0
LFQ	136	0	0	7	0	0	0	0	0	0	0	0	0	0	0	97986	0	0	0	0	0	0	41529	0	0	0	0	0	127853	0	0	0	0	316611	0	0	0	501319	0
LFQ	137	0	0	6	0	0	0	0	0	0	0	0	0	0	0	98181	0	0	0	0	0	0	41258	0	0	0	0	0	127170	0	0	0	0	315861	0	0	0	501200	0
LFQ	138	0	0	3	0	0	0	0	0	0	0	0	0	0	0	99250	0	0	0	0	0	0	41858	0	0	0	0	0	127547	0	0	0	0	316103	0	0	0	497203	0
LFQ	139	0	0	6	0	0	0	0	0	0	0	0	0	0	0	98840	0	0	0	0	0	0	41608	0	0	0	0	0	127888	0	0	0	0	315940	0	0	0	495977	0
LFQ	140	0	0	1	0	0	0	0	0	0	0	0	0	0	0	99106	0	0	0	0	0	0	41647	0	0	0	0	0	126799	0	0	0	0	314975	0	0	0	496000	0
LFQ	141	0	0	1	0	0	0	0	0	0	0	0	0	0	0	99819	0	0	0	0	0	0	41547	0	0	0	0	0	126735	0	0	0	0	313373	0	0	0	495442	0
LFQ	142	0	0	2	0	0	0	0	0	0	0	0	0	0	0	99894	0	0	0	0	0	0	41130	0	0	0	0	0	126720	0	0	0	0	312840	0	0	0	494646	0
LFQ	143	0	0	3	0	0	0	0	0	0	0	0	0	0	0	100339	0	0	0	0	0	0	41753	0	0	0	0	0	126610	0	0	0	0	311098	0	0	0	493734	0
LFQ	144	0	0	2	0	0	0	0	0	0	0	0	0	0	0	100690	0	0	0	0	0	0	41267	0	0	0	0	0	126693	0	0	0	0	309915	0	0	0	493349	0
LFQ	145	0	0	2	0	0	0	0	0	0	0	0	0	0	0	102290	0	0	0	0	0	0	42174	0	0	0	0	0	128416	0	0	0	0	311066	0	0	0	486212	0
LFQ	146	0	0	1	0	0	0	0	0	0	0	0	0	0	0	102306	0	0	0	0	0	0	42142	0	0	0	0	0	128473	0	0	0	0	312015	0	0	0	483492	0
LFQ	147	0	0	2	0	0	0	0	0	0	0	0	0	0	0	102280	0	0	0	0	0	0	42601	0	0	0	0	0	128436	0	0	0	0	311460	0	0	0	481841	0
LFQ	148	0	0	1	0	0	0	0	0	0	0	0	0	0	0	102299	0	0	0	0	0	0	42589	0	0	0	0	0	128266	0	0	0	0	310303	0	0	0	480531	0
LFQ	149	0	0	0	0	0	0	0	0	0	0	0	0	0	0	98042	0	0	0	0	0	0	43381	0	0	0	0	0	129471	0	0	0	0	310947	0	0	0	474163	0
LFQ	150	0	0	0	0	0	0	0	0	0	0	0	0	0	0	65066	0	0	0	0	0	0	42906	0	0	0	0	0	129268	0	0	0	0	310303	0	0	0	473388	0
LFQ	151	0	0	0	0	0	0	0	0	0	0	0	0	0	0	0	0	0	0	0	0	0	93168	0	0	0	0	0	223401	0	0	0	0	277571	0	0	0	135925	0
# GC Content of first fragments. Use `grep ^GCF | cut -f 2-` to extract this part.
GCF	0.75	2
GCF	1.76	3
GCF	2.26	2
GCF	2.76	4
GCF	3.27	3
GCF	4.27	5
GCF	5.28	8
GCF	5.78	10
GCF	6.28	12
GCF	6.78	18
GCF	7.29	20
GCF	7.79	23
GCF	8.29	31
GCF	8.79	37
GCF	9.30	48
GCF	9.80	53
GCF	10.30	69
GCF	10.80	70
GCF	11.31	88
GCF	11.81	107
GCF	12.31	124
GCF	12.81	158
GCF	13.32	208
GCF	13.82	256
GCF	14.32	298
GCF	14.82	373
GCF	15.33	425
GCF	15.83	520
GCF	16.33	613
GCF	16.83	675
GCF	17.34	777
GCF	17.84	953
GCF	18.34	1146
GCF	18.84	1347
GCF	19.35	1627
GCF	19.85	1921
GCF	20.35	2419
GCF	20.85	2697
GCF	21.36	3282
GCF	21.86	4012
GCF	22.36	4753
GCF	22.86	5165
GCF	23.37	6301
GCF	23.87	7582
GCF	24.37	8672
GCF	24.87	9200
GCF	25.38	10999
GCF	25.88	13053
GCF	26.38	14562
GCF	26.88	15328
GCF	27.39	17488
GCF	27.89	19680
GCF	28.39	21855
GCF	28.89	25031
GCF	29.40	26149
GCF	29.90	28544
GCF	30.40	31492
GCF	30.90	34446
GCF	31.41	35568
GCF	31.91	39027
GCF	32.41	42476
GCF	32.91	45873
GCF	33.42	47680
GCF	33.92	51179
GCF	34.42	54551
GCF	34.92	57790
GCF	35.43	59023
GCF	35.93	62351
GCF	36.43	64721
GCF	36.93	66658
GCF	37.44	67941
GCF	37.94	68516
GCF	38.44	68864
GCF	38.94	68573
GCF	39.45	68846
GCF	39.95	68365
GCF	40.45	65733
GCF	40.95	65002
GCF	41.46	64546
GCF	41.96	61299
GCF	42.46	58430
GCF	42.96	55812
GCF	43.47	53293
GCF	43.97	52030
GCF	44.47	48464
GCF	44.97	45248
GCF	45.48	41710
GCF	45.98	40519
GCF	46.48	37298
GCF	46.98	34735
GCF	47.49	31607
GCF	47.99	30288
GCF	48.49	27450
GCF	48.99	25314
GCF	49.50	23372
GCF	50.00	22123
GCF	50.50	20471
GCF	51.01	19047
GCF	51.51	17605
GCF	52.01	16748
GCF	52.51	15491
GCF	53.02	14464
GCF	53.52	13455
GCF	54.02	12716
GCF	54.52	11593
GCF	55.03	10808
GCF	55.53	9994
GCF	56.03	9426
GCF	56.53	8667
GCF	57.04	7955
GCF	57.54	7411
GCF	58.04	6844
GCF	58.54	6364
GCF	59.05	6009
GCF	59.55	5406
GCF	60.05	4956
GCF	60.55	4743
GCF	61.06	4460
GCF	61.56	4089
GCF	62.06	3693
GCF	62.56	3544
GCF	63.07	3344
GCF	63.57	3089
GCF	64.07	2864
GCF	64.57	2714
GCF	65.08	2575
GCF	65.58	2429
GCF	66.08	2183
GCF	66.58	2018
GCF	67.09	1899
GCF	67.59	1716
GCF	68.09	1563
GCF	68.59	1479
GCF	69.10	1371
GCF	69.60	1242
GCF	70.10	1144
GCF	70.60	1075
GCF	71.11	970
GCF	71.61	859
GCF	72.11	785
GCF	72.61	721
GCF	73.12	674
GCF	73.62	635
GCF	74.12	563
GCF	74.62	512
GCF	75.13	497
GCF	75.63	437
GCF	76.13	357
GCF	76.63	336
GCF	77.14	314
GCF	77.64	261
GCF	78.14	239
GCF	78.64	221
GCF	79.15	231
GCF	79.65	216
GCF	80.15	195
GCF	80.65	177
GCF	81.16	154
GCF	81.66	151
GCF	82.16	140
GCF	82.66	119
GCF	83.17	98
GCF	83.67	92
GCF	84.17	79
GCF	84.67	80
GCF	85.18	73
GCF	85.68	71
GCF	86.18	68
GCF	86.68	55
GCF	87.19	45
GCF	87.69	40
GCF	88.19	34
GCF	88.69	26
GCF	89.20	31
GCF	89.70	30
GCF	90.20	29
GCF	90.70	20
GCF	91.21	14
GCF	91.71	15
GCF	92.21	11
GCF	92.71	7
GCF	93.22	6
GCF	93.72	5
GCF	94.22	6
GCF	94.72	4
GCF	95.23	5
GCF	95.73	3
GCF	96.23	4
GCF	96.73	12
GCF	97.24	6
GCF	97.74	2
GCF	98.24	6
GCF	98.74	4
GCF	99.50	3
# GC Content of last fragments. Use `grep ^GCL | cut -f 2-` to extract this part.
GCL	0.50	4
GCL	1.26	6
GCL	2.01	4
GCL	2.76	8
GCL	3.27	9
GCL	3.77	12
GCL	4.27	13
GCL	5.03	25
GCL	5.78	23
GCL	6.28	30
GCL	6.78	36
GCL	7.29	32
GCL	7.79	46
GCL	8.29	66
GCL	8.79	81
GCL	9.30	111
GCL	9.80	125
GCL	10.30	136
GCL	10.80	152
GCL	11.31	185
GCL	11.81	206
GCL	12.31	250
GCL	12.81	317
GCL	13.32	385
GCL	13.82	457
GCL	14.32	483
GCL	14.82	551
GCL	15.33	623
GCL	15.83	748
GCL	16.33	901
GCL	16.83	1007
GCL	17.34	1162
GCL	17.84	1404
GCL	18.34	1655
GCL	18.84	1831
GCL	19.35	2258
GCL	19.85	2688
GCL	20.35	3128
GCL	20.85	3444
GCL	21.36	4077
GCL	21.86	4843
GCL	22.36	5565
GCL	22.86	6077
GCL	23.37	7118
GCL	23.87	8555
GCL	24.37	9837
GCL	24.87	10515
GCL	25.38	12099
GCL	25.88	14143
GCL	26.38	15906
GCL	26.88	16885
GCL	27.39	19070
GCL	27.89	21341
GCL	28.39	23285
GCL	28.89	25904
GCL	29.40	27481
GCL	29.90	30332
GCL	30.40	32727
GCL	30.90	36125
GCL	31.41	37646
GCL	31.91	41463
GCL	32.41	44372
GCL	32.91	47804
GCL	33.42	49872
GCL	33.92	52981
GCL	34.42	56353
GCL	34.92	59369
GCL	35.43	60997
GCL	35.93	64049
GCL	36.43	66462
GCL	36.93	67724
GCL	37.44	68939
GCL	37.94	70161
GCL	38.44	70796
GCL	38.94	69849
GCL	39.45	70125
GCL	39.95	69055
GCL	40.45	67265
GCL	40.95	66168
GCL	41.46	65325
GCL	41.96	62452
GCL	42.46	59602
GCL	42.96	56687
GCL	43.47	53907
GCL	43.97	52590
GCL	44.47	49382
GCL	44.97	46313
GCL	45.48	42785
GCL	45.98	41104
GCL	46.48	37924
GCL	46.98	35303
GCL	47.49	32444
GCL	47.99	30776
GCL	48.49	28010
GCL	48.99	25949
GCL	49.50	23940
GCL	50.00	22662
GCL	50.50	20963
GCL	51.01	19518
GCL	51.51	18201
GCL	52.01	17141
GCL	52.51	15864
GCL	53.02	14887
GCL	53.52	13550
GCL	54.02	12931
GCL	54.52	11819
GCL	55.03	10983
GCL	55.53	10357
GCL	56.03	9673
GCL	56.53	8914
GCL	57.04	8286
GCL	57.54	7672
GCL	58.04	7053
GCL	58.54	6521
GCL	59.05	6046
GCL	59.55	5447
GCL	60.05	5206
GCL	60.55	4883
GCL	61.06	4624
GCL	61.56	4202
GCL	62.06	3843
GCL	62.56	3597
GCL	63.07	3378
GCL	63.57	3057
GCL	64.07	2926
GCL	64.57	2741
GCL	65.08	2594
GCL	65.58	2446
GCL	66.08	2236
GCL	66.58	2035
GCL	67.09	1870
GCL	67.59	1728
GCL	68.09	1608
GCL	68.59	1491
GCL	69.10	1345
GCL	69.60	1235
GCL	70.10	1117
GCL	70.60	1054
GCL	71.11	937
GCL	71.61	875
GCL	72.11	810
GCL	72.61	758
GCL	73.12	686
GCL	73.62	668
GCL	74.12	580
GCL	74.62	507
GCL	75.13	496
GCL	75.63	414
GCL	76.13	368
GCL	76.63	333
GCL	77.14	298
GCL	77.64	250
GCL	78.14	235
GCL	78.64	205
GCL	79.15	211
GCL	79.90	178
GCL	80.65	166
GCL	81.16	150
GCL	81.66	133
GCL	82.16	115
GCL	82.66	107
GCL	83.17	95
GCL	83.67	79
GCL	84.17	62
GCL	84.67	46
GCL	85.18	43
GCL	85.68	36
GCL	86.18	32
GCL	86.93	24
GCL	87.69	28
GCL	88.19	26
GCL	88.94	23
GCL	89.70	22
GCL	90.20	18
GCL	90.70	14
GCL	91.21	11
GCL	91.71	8
GCL	92.21	14
GCL	92.71	13
GCL	93.22	9
GCL	93.72	10
GCL	94.22	7
GCL	94.72	5
GCL	95.23	7
GCL	95.73	3
GCL	96.23	2
GCL	96.73	6
GCL	97.24	7
GCL	97.99	8
GCL	98.74	20
GCL	99.50	43
# ACGT content per cycle. Use `grep ^GCC | cut -f 2-` to extract this part. The columns are: cycle; A,C,G,T base counts as a percentage of all A/C/G/T bases [%]; and N and O counts as a percentage of all A/C/G/T bases [%]
GCC	1	19.80	30.19	30.76	19.26	0.00	0.00
GCC	2	31.74	18.11	17.97	32.18	0.00	0.00
GCC	3	31.58	18.55	18.33	31.54	0.00	0.00
GCC	4	31.61	18.18	17.76	32.45	0.00	0.00
GCC	5	35.96	14.06	13.83	36.15	0.00	0.00
GCC	6	31.31	18.76	19.12	30.80	0.00	0.00
GCC	7	30.51	19.47	19.75	30.28	0.00	0.00
GCC	8	30.82	19.19	19.45	30.55	0.00	0.00
GCC	9	23.82	26.21	26.08	23.90	0.00	0.00
GCC	10	32.11	18.05	17.81	32.03	0.00	0.00
GCC	11	28.25	21.53	21.93	28.29	0.00	0.00
GCC	12	30.61	19.25	19.32	30.81	0.00	0.00
GCC	13	27.79	21.94	22.36	27.92	0.00	0.00
GCC	14	27.60	22.48	22.26	27.66	0.00	0.00
GCC	15	29.38	20.80	20.74	29.08	0.00	0.00
GCC	16	30.61	19.55	19.46	30.38	0.00	0.00
GCC	17	30.86	19.17	19.29	30.69	0.00	0.00
GCC	18	30.74	19.30	19.20	30.76	0.00	0.00
GCC	19	30.49	19.48	19.61	30.41	0.00	0.00
GCC	20	30.44	19.61	19.67	30.28	0.00	0.00
GCC	21	30.35	19.61	19.68	30.35	0.00	0.00
GCC	22	30.34	19.62	19.82	30.23	0.00	0.00
GCC	23	30.36	19.68	19.68	30.29	0.00	0.00
GCC	24	30.52	19.57	19.62	30.29	0.00	0.00
GCC	25	30.31	19.69	19.80	30.20	0.00	0.00
GCC	26	30.44	19.62	19.72	30.23	0.00	0.00
GCC	27	30.46	19.51	19.63	30.40	0.00	0.00
GCC	28	30.38	19.61	19.67	30.34	0.00	0.00
GCC	29	30.27	19.68	19.72	30.33	0.00	0.00
GCC	30	30.33	19.57	19.75	30.34	0.00	0.00
GCC	31	30.33	19.81	19.70	30.16	0.00	0.00
GCC	32	30.32	19.56	19.82	30.29	0.00	0.00
GCC	33	30.43	19.61	19.68	30.27	0.00	0.00
GCC	34	30.36	19.63	19.69	30.32	0.00	0.00
GCC	35	30.42	19.72	19.67	30.19	0.00	0.00
GCC	36	30.50	19.59	19.62	30.29	0.00	0.00
GCC	37	30.49	19.59	19.64	30.28	0.00	0.00
GCC	38	30.45	19.55	19.67	30.33	0.00	0.00
GCC	39	30.44	19.67	19.63	30.26	0.00	0.00
GCC	40	30.44	19.53	19.58	30.45	0.00	0.00
GCC	41	30.42	19.65	19.63	30.30	0.00	0.00
GCC	42	30.53	19.52	19.58	30.36	0.00	0.00
GCC	43	30.36	19.64	19.70	30.30	0.00	0.00
GCC	44	30.51	19.51	19.56	30.42	0.00	0.00
GCC	45	30.42	19.53	19.65	30.40	0.00	0.00
GCC	46	30.47	19.59	19.67	30.27	0.00	0.00
GCC	47	30.51	19.55	19.68	30.26	0.00	0.00
GCC	48	30.56	19.51	19.54	30.39	0.00	0.00
GCC	49	30.39	19.54	19.70	30.37	0.00	0.00
GCC	50	30.47	19.49	19.65	30.40	0.00	0.00
GCC	51	30.59	19.41	19.53	30.48	0.00	0.00
GCC	52	30.54	19.57	19.57	30.32	0.00	0.00
GCC	53	30.59	19.48	19.59	30.34	0.00	0.00
GCC	54	30.69	19.38	19.48	30.45	0.00	0.00
GCC	55	30.60	19.45	19.50	30.45	0.00	0.00
GCC	56	30.51	19.44	19.58	30.47	0.00	0.00
GCC	57	30.59	19.41	19.47	30.53	0.00	0.00
GCC	58	30.41	19.55	19.63	30.41	0.00	0.00
GCC	59	30.54	19.43	19.62	30.40	0.00	0.00
GCC	60	30.46	19.52	19.52	30.50	0.00	0.00
GCC	61	30.55	19.41	19.61	30.44	0.00	0.00
GCC	62	30.50	19.56	19.49	30.45	0.00	0.00
GCC	63	30.65	19.44	19.44	30.47	0.00	0.00
GCC	64	30.68	19.33	19.45	30.55	0.00	0.00
GCC	65	30.60	19.38	19.43	30.58	0.00	0.00
GCC	66	30.66	19.27	19.39	30.69	0.00	0.00
GCC	67	30.56	19.36	19.56	30.52	0.00	0.00
GCC	68	30.43	19.42	19.50	30.64	0.00	0.00
GCC	69	30.57	19.43	19.57	30.43	0.00	0.00
GCC	70	30.53	19.44	19.55	30.48	0.00	0.00
GCC	71	30.54	19.40	19.55	30.52	0.00	0.00
GCC	72	30.64	19.39	19.44	30.54	0.00	0.00
GCC	73	30.61	19.48	19.36	30.55	0.00	0.00
GCC	74	30.57	19.37	19.48	30.58	0.00	0.00
GCC	75	30.68	19.27	19.41	30.64	0.00	0.00
GCC	76	30.71	19.24	19.36	30.69	0.00	0.00
GCC	77	30.70	19.32	19.44	30.55	0.00	0.00
GCC	78	30.77	19.24	19.28	30.71	0.00	0.00
GCC	79	30.67	19.27	19.38	30.67	0.00	0.00
GCC	80	30.59	19.34	19.47	30.60	0.00	0.00
GCC	81	30.71	19.23	19.32	30.74	0.00	0.00
GCC	82	30.63	19.35	19.43	30.59	0.00	0.00
GCC	83	30.68	19.33	19.38	30.60	0.00	0.00
GCC	84	30.71	19.35	19.31	30.62	0.00	0.00
GCC	85	30.70	19.28	19.43	30.60	0.00	0.00
GCC	86	30.63	19.33	19.36	30.68	0.00	0.00
GCC	87	30.76	19.23	19.35	30.66	0.00	0.00
GCC	88	30.72	19.28	19.32	30.68	0.00	0.00
GCC	89	30.71	19.27	19.32	30.70	0.00	0.00
GCC	90	30.72	19.25	19.26	30.77	0.00	0.00
GCC	91	30.69	19.30	19.27	30.75	0.00	0.00
GCC	92	30.68	19.27	19.35	30.70	0.00	0.00
GCC	93	30.91	19.17	19.27	30.65	0.00	0.00
GCC	94	30.79	19.17	19.26	30.79	0.00	0.00
GCC	95	30.75	19.20	19.28	30.77	0.00	0.00
GCC	96	30.74	19.17	19.27	30.82	0.00	0.00
GCC	97	30.77	19.19	19.26	30.78	0.00	0.00
GCC	98	30.87	19.16	19.28	30.69	0.00	0.00
GCC	99	30.87	19.07	19.24	30.82	0.00	0.00
GCC	100	30.76	19.21	19.31	30.72	0.00	0.00
GCC	101	30.79	19.19	19.29	30.72	0.00	0.00
GCC	102	30.80	19.24	19.20	30.77	0.00	0.00
GCC	103	30.75	19.34	19.30	30.61	0.00	0.00
GCC	104	30.79	19.23	19.23	30.74	0.00	0.00
GCC	105	30.80	19.14	19.31	30.75	0.00	0.00
GCC	106	30.80	19.14	19.26	30.81	0.00	0.00
GCC	107	30.85	19.24	19.22	30.69	0.00	0.00
GCC	108	30.93	19.10	19.18	30.78	0.00	0.00
GCC	109	30.81	19.18	19.27	30.73	0.00	0.00
GCC	110	30.90	19.13	19.25	30.72	0.00	0.00
GCC	111	30.87	19.07	19.18	30.88	0.00	0.00
GCC	112	30.81	19.19	19.22	30.77	0.00	0.00
GCC	113	30.99	19.13	19.11	30.77	0.00	0.00
GCC	114	30.95	19.11	19.20	30.75	0.00	0.00
GCC	115	30.89	19.19	19.18	30.73	0.00	0.00
GCC	116	30.84	19.09	19.24	30.84	0.00	0.00
GCC	117	30.90	19.05	19.16	30.89	0.00	0.00
GCC	118	30.85	19.10	19.13	30.92	0.00	0.00
GCC	119	30.92	19.14	19.18	30.76	0.00	0.00
GCC	120	30.81	19.16	19.19	30.84	0.00	0.00
GCC	121	30.77	19.19	19.28	30.76	0.00	0.00
GCC	122	30.81	19.16	19.15	30.87	0.00	0.00
GCC	123	30.79	19.11	19.12	30.97	0.00	0.00
GCC	124	30.88	19.10	19.14	30.88	0.00	0.00
GCC	125	30.89	19.05	19.14	30.93	0.00	0.00
GCC	126	31.02	19.05	19.08	30.85	0.00	0.00
GCC	127	30.86	19.08	19.20	30.87	0.00	0.00
GCC	128	30.96	19.01	19.08	30.95	0.00	0.00
GCC	129	30.94	19.10	19.09	30.86	0.00	0.00
GCC	130	30.96	19.06	19.12	30.86	0.00	0.00
GCC	131	30.87	19.18	19.10	30.86	0.00	0.00
GCC	132	30.92	19.02	19.10	30.96	0.00	0.00
GCC	133	30.96	19.05	19.14	30.85	0.00	0.00
GCC	134	30.83	19.05	19.13	31.00	0.00	0.00
GCC	135	30.93	19.06	19.07	30.94	0.00	0.00
GCC	136	30.74	19.24	19.28	30.74	0.00	0.00
GCC	137	30.86	19.10	19.13	30.91	0.00	0.00
GCC	138	30.73	19.12	19.29	30.86	0.00	0.00
GCC	139	30.76	19.26	19.28	30.70	0.00	0.00
GCC	140	30.66	19.26	19.41	30.67	0.00	0.00
GCC	141	30.71	19.19	19.29	30.82	0.00	0.00
GCC	142	30.58	19.37	19.41	30.64	0.00	0.00
GCC	143	30.70	19.28	19.28	30.74	0.00	0.00
GCC	144	30.88	19.14	19.19	30.79	0.00	0.00
GCC	145	30.82	19.07	19.12	30.99	0.00	0.00
GCC	146	30.94	19.01	19.05	31.00	0.00	0.00
GCC	147	31.06	18.85	18.92	31.17	0.00	0.00
GCC	148	30.88	19.08	19.10	30.94	0.00	0.00
GCC	149	30.99	18.90	18.96	31.14	0.00	0.00
GCC	150	30.85	19.09	19.10	30.97	0.00	0.00
GCC	151	30.81	19.08	19.02	31.09	0.00	0.00
# ACGT content per cycle, read oriented. Use `grep ^GCT | cut -f 2-` to extract this part. The columns are: cycle; A,C,G,T base counts as a percentage of all A/C/G/T bases [%]
GCT	1	25.99	24.51	36.44	13.07
GCT	2	24.74	21.26	14.81	39.19
GCT	3	30.23	21.99	14.88	32.90
GCT	4	20.99	24.30	11.64	43.07
GCT	5	32.02	17.67	10.21	40.10
GCT	6	37.93	15.16	22.73	24.18
GCT	7	32.31	17.10	22.12	28.48
GCT	8	35.13	17.91	20.73	26.23
GCT	9	20.39	30.37	21.92	27.33
GCT	10	28.75	20.75	15.11	35.39
GCT	11	27.30	16.76	26.70	29.23
GCT	12	28.03	19.51	19.07	33.40
GCT	13	25.48	21.18	23.12	30.22
GCT	14	25.08	25.82	18.92	30.17
GCT	15	31.74	21.16	20.38	26.72
GCT	16	32.53	19.62	19.39	28.46
GCT	17	31.33	19.28	19.17	30.22
GCT	18	30.59	19.50	19.00	30.91
GCT	19	30.37	19.37	19.72	30.54
GCT	20	30.17	19.76	19.52	30.55
GCT	21	30.13	19.67	19.63	30.58
GCT	22	30.01	19.58	19.86	30.56
GCT	23	30.14	19.74	19.62	30.50
GCT	24	30.41	19.67	19.52	30.39
GCT	25	30.17	19.77	19.72	30.34
GCT	26	30.40	19.70	19.63	30.27
GCT	27	30.55	19.55	19.60	30.31
GCT	28	30.44	19.64	19.64	30.28
GCT	29	30.23	19.82	19.58	30.37
GCT	30	30.35	19.66	19.66	30.32
GCT	31	30.25	19.91	19.59	30.24
GCT	32	30.29	19.64	19.75	30.33
GCT	33	30.31	19.77	19.53	30.39
GCT	34	30.15	19.72	19.60	30.53
GCT	35	30.30	19.91	19.49	30.31
GCT	36	30.59	19.66	19.55	30.20
GCT	37	30.51	19.61	19.62	30.26
GCT	38	30.47	19.65	19.57	30.31
GCT	39	30.33	19.71	19.59	30.37
GCT	40	30.42	19.56	19.56	30.46
GCT	41	30.20	19.75	19.53	30.52
GCT	42	30.47	19.57	19.53	30.42
GCT	43	30.40	19.66	19.68	30.26
GCT	44	30.51	19.62	19.45	30.41
GCT	45	30.32	19.58	19.60	30.50
GCT	46	30.41	19.63	19.63	30.33
GCT	47	30.48	19.65	19.58	30.29
GCT	48	30.62	19.54	19.51	30.33
GCT	49	30.40	19.50	19.74	30.36
GCT	50	30.45	19.52	19.61	30.42
GCT	51	30.60	19.43	19.50	30.46
GCT	52	30.52	19.63	19.51	30.34
GCT	53	30.49	19.59	19.47	30.44
GCT	54	30.61	19.41	19.45	30.52
GCT	55	30.64	19.44	19.51	30.42
GCT	56	30.47	19.48	19.53	30.51
GCT	57	30.67	19.45	19.43	30.45
GCT	58	30.41	19.46	19.72	30.41
GCT	59	30.50	19.48	19.58	30.44
GCT	60	30.48	19.53	19.51	30.49
GCT	61	30.57	19.45	19.57	30.42
GCT	62	30.52	19.70	19.35	30.43
GCT	63	30.64	19.48	19.40	30.47
GCT	64	30.57	19.30	19.47	30.65
GCT	65	30.48	19.50	19.32	30.70
GCT	66	30.64	19.28	19.37	30.70
GCT	67	30.57	19.39	19.53	30.52
GCT	68	30.56	19.51	19.41	30.52
GCT	69	30.56	19.42	19.58	30.44
GCT	70	30.47	19.41	19.58	30.54
GCT	71	30.55	19.46	19.49	30.50
GCT	72	30.66	19.43	19.39	30.52
GCT	73	30.60	19.47	19.37	30.56
GCT	74	30.57	19.45	19.41	30.58
GCT	75	30.75	19.31	19.38	30.56
GCT	76	30.78	19.28	19.32	30.61
GCT	77	30.74	19.31	19.45	30.51
GCT	78	30.84	19.29	19.23	30.64
GCT	79	30.69	19.30	19.35	30.66
GCT	80	30.65	19.41	19.39	30.54
GCT	81	30.77	19.23	19.32	30.68
GCT	82	30.74	19.32	19.46	30.49
GCT	83	30.69	19.38	19.33	30.59
GCT	84	30.80	19.34	19.33	30.53
GCT	85	30.67	19.27	19.43	30.63
GCT	86	30.71	19.38	19.31	30.60
GCT	87	30.82	19.19	19.39	30.60
GCT	88	30.79	19.32	19.28	30.61
GCT	89	30.80	19.30	19.29	30.61
GCT	90	30.81	19.24	19.27	30.67
GCT	91	30.71	19.25	19.31	30.73
GCT	92	30.73	19.29	19.33	30.65
GCT	93	30.95	19.25	19.19	30.61
GCT	94	30.79	19.19	19.23	30.78
GCT	95	30.82	19.27	19.21	30.70
GCT	96	30.77	19.16	19.29	30.79
GCT	97	30.88	19.14	19.31	30.67
GCT	98	30.91	19.11	19.33	30.65
GCT	99	31.04	19.14	19.17	30.65
GCT	100	30.86	19.20	19.32	30.62
GCT	101	30.77	19.21	19.28	30.74
GCT	102	30.88	19.24	19.19	30.68
GCT	103	30.80	19.28	19.36	30.56
GCT	104	30.93	19.27	19.20	30.60
GCT	105	30.85	19.15	19.30	30.70
GCT	106	30.87	19.08	19.31	30.74
GCT	107	30.84	19.23	19.23	30.70
GCT	108	31.09	19.11	19.18	30.63
GCT	109	30.90	19.20	19.26	30.64
GCT	110	31.00	19.20	19.18	30.62
GCT	111	30.93	19.01	19.23	30.82
GCT	112	30.83	19.20	19.21	30.76
GCT	113	31.04	19.13	19.11	30.72
GCT	114	31.04	19.08	19.23	30.66
GCT	115	30.94	19.17	19.21	30.69
GCT	116	30.96	19.02	19.30	30.72
GCT	117	31.00	19.07	19.14	30.78
GCT	118	30.95	19.05	19.18	30.82
GCT	119	30.94	19.04	19.28	30.74
GCT	120	30.93	19.15	19.20	30.72
GCT	121	30.89	19.15	19.33	30.64
GCT	122	30.99	19.11	19.20	30.70
GCT	123	31.02	19.07	19.17	30.75
GCT	124	31.03	19.02	19.22	30.73
GCT	125	31.05	19.04	19.15	30.76
GCT	126	31.10	18.97	19.16	30.77
GCT	127	30.98	19.03	19.25	30.74
GCT	128	31.02	19.05	19.05	30.88
GCT	129	30.99	19.00	19.20	30.82
GCT	130	30.99	19.01	19.17	30.82
GCT	131	30.92	19.15	19.13	30.81
GCT	132	31.08	18.93	19.20	30.80
GCT	133	30.95	18.99	19.20	30.86
GCT	134	30.93	19.06	19.12	30.90
GCT	135	30.99	19.04	19.09	30.88
GCT	136	30.83	19.49	19.03	30.65
GCT	137	30.75	19.27	18.96	31.02
GCT	138	30.66	19.11	19.30	30.92
GCT	139	30.37	19.26	19.28	31.09
GCT	140	30.33	19.60	19.07	31.00
GCT	141	30.21	19.39	19.09	31.32
GCT	142	29.97	19.84	18.94	31.25
GCT	143	29.89	19.72	18.84	31.55
GCT	144	29.79	19.63	18.70	31.88
GCT	145	30.01	19.54	18.64	31.80
GCT	146	29.90	19.46	18.60	32.04
GCT	147	30.23	19.40	18.37	31.99
GCT	148	30.11	19.71	18.47	31.71
GCT	149	30.45	19.66	18.21	31.68
GCT	150	30.10	19.95	18.24	31.71
GCT	151	28.19	20.54	17.56	33.72
# ACGT content per cycle for first fragments. Use `grep ^FBC | cut -f 2-` to extract this part. The columns are: cycle; A,C,G,T base counts as a percentage of all A/C/G/T bases [%]; and N and O counts as a percentage of all A/C/G/T bases [%]
FBC	1	19.83	30.22	30.65	19.31	0.00	0.00
FBC	2	31.78	18.15	18.01	32.05	0.00	0.00
FBC	3	31.66	18.48	18.28	31.58	0.00	0.00
FBC	4	31.68	18.18	17.78	32.36	0.00	0.00
FBC	5	35.92	14.14	13.93	36.02	0.00	0.00
FBC	6	31.15	18.91	19.14	30.80	0.00	0.00
FBC	7	30.45	19.56	19.76	30.23	0.00	0.00
FBC	8	30.76	19.29	19.47	30.49	0.00	0.00
FBC	9	23.84	26.18	26.17	23.81	0.00	0.00
FBC	10	32.03	18.09	17.87	32.01	0.00	0.00
FBC	11	28.23	21.59	21.94	28.24	0.00	0.00
FBC	12	30.56	19.31	19.36	30.77	0.00	0.00
FBC	13	27.79	21.98	22.37	27.87	0.00	0.00
FBC	14	27.56	22.50	22.34	27.60	0.00	0.00
FBC	15	29.35	20.84	20.74	29.07	0.00	0.00
FBC	16	30.54	19.60	19.50	30.37	0.00	0.00
FBC	17	30.80	19.24	19.31	30.65	0.00	0.00
FBC	18	30.70	19.37	19.21	30.73	0.00	0.00
FBC	19	30.49	19.54	19.57	30.40	0.00	0.00
FBC	20	30.39	19.64	19.69	30.27	0.00	0.00
FBC	21	30.30	19.65	19.69	30.36	0.00	0.00
FBC	22	30.33	19.66	19.83	30.18	0.00	0.00
FBC	23	30.36	19.68	19.69	30.27	0.00	0.00
FBC	24	30.50	19.66	19.60	30.23	0.00	0.00
FBC	25	30.28	19.72	19.82	30.19	0.00	0.00
FBC	26	30.42	19.59	19.73	30.26	0.00	0.00
FBC	27	30.42	19.54	19.65	30.40	0.00	0.00
FBC	28	30.35	19.65	19.65	30.35	0.00	0.00
FBC	29	30.25	19.69	19.75	30.32	0.00	0.00
FBC	30	30.30	19.63	19.72	30.35	0.00	0.00
FBC	31	30.30	19.86	19.71	30.12	0.00	0.00
FBC	32	30.27	19.60	19.83	30.31	0.00	0.00
FBC	33	30.39	19.64	19.72	30.25	0.00	0.00
FBC	34	30.38	19.65	19.68	30.29	0.00	0.00
FBC	35	30.43	19.77	19.68	30.13	0.00	0.00
FBC	36	30.41	19.61	19.66	30.32	0.00	0.00
FBC	37	30.47	19.61	19.63	30.28	0.00	0.00
FBC	38	30.38	19.59	19.69	30.34	0.00	0.00
FBC	39	30.36	19.72	19.64	30.28	0.00	0.00
FBC	40	30.42	19.58	19.58	30.41	0.00	0.00
FBC	41	30.42	19.66	19.63	30.29	0.00	0.00
FBC	42	30.52	19.57	19.59	30.32	0.00	0.00
FBC	43	30.34	19.69	19.69	30.28	0.00	0.00
FBC	44	30.46	19.55	19.55	30.44	0.00	0.00
FBC	45	30.39	19.54	19.64	30.42	0.00	0.00
FBC	46	30.47	19.59	19.69	30.25	0.00	0.00
FBC	47	30.51	19.60	19.70	30.20	0.00	0.00
FBC	48	30.47	19.56	19.53	30.44	0.00	0.00
FBC	49	30.32	19.58	19.72	30.38	0.00	0.00
FBC	50	30.51	19.50	19.63	30.36	0.00	0.00
FBC	51	30.52	19.43	19.56	30.49	0.00	0.00
FBC	52	30.52	19.58	19.60	30.30	0.00	0.00
FBC	53	30.53	19.53	19.58	30.36	0.00	0.00
FBC	54	30.62	19.44	19.44	30.49	0.00	0.00
FBC	55	30.54	19.45	19.56	30.45	0.00	0.00
FBC	56	30.43	19.47	19.55	30.55	0.00	0.00
FBC	57	30.55	19.43	19.47	30.55	0.00	0.00
FBC	58	30.43	19.60	19.60	30.37	0.00	0.00
FBC	59	30.53	19.45	19.62	30.40	0.00	0.00
FBC	60	30.43	19.56	19.51	30.50	0.00	0.00
FBC	61	30.55	19.39	19.62	30.44	0.00	0.00
FBC	62	30.47	19.57	19.49	30.47	0.00	0.00
FBC	63	30.62	19.43	19.47	30.48	0.00	0.00
FBC	64	30.68	19.37	19.46	30.49	0.00	0.00
FBC	65	30.62	19.47	19.40	30.51	0.00	0.00
FBC	66	30.64	19.31	19.35	30.70	0.00	0.00
FBC	67	30.51	19.41	19.57	30.50	0.00	0.00
FBC	68	30.38	19.41	19.52	30.69	0.00	0.00
FBC	69	30.51	19.44	19.56	30.49	0.00	0.00
FBC	70	30.50	19.43	19.57	30.50	0.00	0.00
FBC	71	30.48	19.41	19.56	30.56	0.00	0.00
FBC	72	30.59	19.38	19.49	30.54	0.00	0.00
FBC	73	30.63	19.47	19.38	30.52	0.00	0.00
FBC	74	30.58	19.41	19.49	30.51	0.00	0.00
FBC	75	30.64	19.30	19.40	30.65	0.00	0.00
FBC	76	30.67	19.25	19.38	30.70	0.00	0.00
FBC	77	30.65	19.33	19.45	30.57	0.00	0.00
FBC	78	30.79	19.24	19.28	30.69	0.00	0.00
FBC	79	30.70	19.27	19.36	30.66	0.00	0.00
FBC	80	30.61	19.39	19.43	30.56	0.00	0.00
FBC	81	30.70	19.27	19.32	30.71	0.00	0.00
FBC	82	30.64	19.37	19.41	30.58	0.00	0.00
FBC	83	30.67	19.38	19.39	30.56	0.00	0.00
FBC	84	30.67	19.37	19.32	30.64	0.00	0.00
FBC	85	30.72	19.29	19.36	30.64	0.00	0.00
FBC	86	30.62	19.39	19.35	30.64	0.00	0.00
FBC	87	30.72	19.26	19.35	30.67	0.00	0.00
FBC	88	30.69	19.33	19.32	30.66	0.00	0.00
FBC	89	30.65	19.31	19.33	30.72	0.00	0.00
FBC	90	30.67	19.30	19.26	30.77	0.00	0.00
FBC	91	30.65	19.32	19.25	30.78	0.00	0.00
FBC	92	30.70	19.27	19.32	30.71	0.00	0.00
FBC	93	30.89	19.19	19.24	30.68	0.00	0.00
FBC	94	30.78	19.20	19.25	30.78	0.00	0.00
FBC	95	30.74	19.25	19.27	30.74	0.00	0.00
FBC	96	30.70	19.20	19.21	30.90	0.00	0.00
FBC	97	30.73	19.22	19.25	30.79	0.00	0.00
FBC	98	30.84	19.21	19.28	30.67	0.00	0.00
FBC	99	30.83	19.13	19.23	30.82	0.00	0.00
FBC	100	30.76	19.22	19.32	30.70	0.00	0.00
FBC	101	30.81	19.19	19.32	30.68	0.00	0.00
FBC	102	30.77	19.28	19.18	30.76	0.00	0.00
FBC	103	30.75	19.35	19.32	30.59	0.00	0.00
FBC	104	30.79	19.25	19.25	30.71	0.00	0.00
FBC	105	30.78	19.16	19.33	30.74	0.00	0.00
FBC	106	30.71	19.17	19.23	30.89	0.00	0.00
FBC	107	30.82	19.29	19.22	30.66	0.00	0.00
FBC	108	30.87	19.13	19.18	30.81	0.00	0.00
FBC	109	30.78	19.20	19.27	30.75	0.00	0.00
FBC	110	30.85	19.18	19.20	30.76	0.00	0.00
FBC	111	30.85	19.06	19.18	30.90	0.00	0.00
FBC	112	30.77	19.21	19.24	30.79	0.00	0.00
FBC	113	30.95	19.15	19.09	30.80	0.00	0.00
FBC	114	30.89	19.18	19.17	30.77	0.00	0.00
FBC	115	30.86	19.24	19.19	30.71	0.00	0.00
FBC	116	30.84	19.13	19.21	30.81	0.00	0.00
FBC	117	30.96	19.00	19.14	30.90	0.00	0.00
FBC	118	30.89	19.07	19.15	30.89	0.00	0.00
FBC	119	30.97	19.14	19.17	30.73	0.00	0.00
FBC	120	30.81	19.19	19.19	30.81	0.00	0.00
FBC	121	30.74	19.19	19.24	30.82	0.00	0.00
FBC	122	30.87	19.14	19.10	30.89	0.00	0.00
FBC	123	30.81	19.12	19.11	30.96	0.00	0.00
FBC	124	30.82	19.10	19.17	30.91	0.00	0.00
FBC	125	30.92	19.08	19.11	30.89	0.00	0.00
FBC	126	31.05	19.00	19.09	30.86	0.00	0.00
FBC	127	30.91	19.10	19.17	30.82	0.00	0.00
FBC	128	30.95	19.03	19.06	30.96	0.00	0.00
FBC	129	30.93	19.10	19.10	30.87	0.00	0.00
FBC	130	30.93	19.06	19.12	30.89	0.00	0.00
FBC	131	30.88	19.20	19.08	30.84	0.00	0.00
FBC	132	30.91	19.02	19.10	30.97	0.00	0.00
FBC	133	30.95	19.07	19.08	30.89	0.00	0.00
FBC	134	30.81	19.06	19.10	31.03	0.00	0.00
FBC	135	30.91	19.08	19.09	30.92	0.00	0.00
FBC	136	30.77	19.25	19.24	30.74	0.00	0.00
FBC	137	30.88	19.07	19.06	30.99	0.00	0.00
FBC	138	30.71	19.15	19.26	30.88	0.00	0.00
FBC	139	30.82	19.21	19.24	30.73	0.00	0.00
FBC	140	30.64	19.23	19.43	30.70	0.00	0.00
FBC	141	30.75	19.19	19.26	30.81	0.00	0.00
FBC	142	30.65	19.39	19.39	30.57	0.00	0.00
FBC	143	30.71	19.29	19.23	30.77	0.00	0.00
FBC	144	30.84	19.17	19.23	30.76	0.00	0.00
FBC	145	30.81	19.09	19.12	30.98	0.00	0.00
FBC	146	30.90	19.04	19.06	31.00	0.00	0.00
FBC	147	31.10	18.86	18.90	31.15	0.00	0.00
FBC	148	30.82	19.07	19.11	30.99	0.00	0.00
FBC	149	31.04	18.92	18.89	31.16	0.00	0.00
FBC	150	30.86	19.13	19.08	30.93	0.00	0.00
FBC	151	30.68	19.20	19.16	30.96	0.00	0.00
# ACGT raw counters for first fragments. Use `grep ^FTC | cut -f 2-` to extract this part. The columns are: A,C,G,T,N base counters
FTC	65346463	41743026	41826476	65263914	128
# ACGT content per cycle for last fragments. Use `grep ^LBC | cut -f 2-` to extract this part. The columns are: cycle; A,C,G,T base counts as a percentage of all A/C/G/T bases [%]; and N and O counts as a percentage of all A/C/G/T bases [%]
LBC	1	19.77	30.15	30.87	19.20	0.00	0.00
LBC	2	31.70	18.07	17.92	32.31	0.00	0.00
LBC	3	31.50	18.62	18.38	31.49	0.00	0.00
LBC	4	31.54	18.18	17.74	32.53	0.00	0.00
LBC	5	36.01	13.97	13.73	36.29	0.00	0.00
LBC	6	31.47	18.62	19.10	30.80	0.00	0.00
LBC	7	30.56	19.39	19.73	30.32	0.00	0.00
LBC	8	30.87	19.09	19.44	30.61	0.00	0.00
LBC	9	23.80	26.23	25.99	23.98	0.00	0.00
LBC	10	32.18	18.01	17.75	32.06	0.00	0.00
LBC	11	28.26	21.47	21.93	28.34	0.00	0.00
LBC	12	30.66	19.20	19.28	30.86	0.00	0.00
LBC	13	27.78	21.91	22.34	27.97	0.00	0.00
LBC	14	27.63	22.47	22.18	27.72	0.00	0.00
LBC	15	29.41	20.76	20.74	29.10	0.00	0.00
LBC	16	30.69	19.50	19.42	30.39	0.00	0.00
LBC	17	30.91	19.09	19.27	30.72	0.00	0.00
LBC	18	30.78	19.24	19.18	30.80	0.00	0.00
LBC	19	30.50	19.43	19.66	30.42	0.00	0.00
LBC	20	30.48	19.58	19.64	30.29	0.00	0.00
LBC	21	30.41	19.57	19.66	30.35	0.00	0.00
LBC	22	30.35	19.57	19.80	30.28	0.00	0.00
LBC	23	30.35	19.68	19.66	30.30	0.00	0.00
LBC	24	30.53	19.48	19.64	30.35	0.00	0.00
LBC	25	30.34	19.66	19.79	30.21	0.00	0.00
LBC	26	30.45	19.65	19.70	30.20	0.00	0.00
LBC	27	30.50	19.48	19.62	30.39	0.00	0.00
LBC	28	30.41	19.57	19.68	30.33	0.00	0.00
LBC	29	30.30	19.67	19.69	30.34	0.00	0.00
LBC	30	30.36	19.51	19.79	30.34	0.00	0.00
LBC	31	30.35	19.76	19.68	30.20	0.01	0.00
LBC	32	30.38	19.53	19.82	30.28	0.00	0.00
LBC	33	30.47	19.58	19.65	30.30	0.00	0.00
LBC	34	30.34	19.61	19.70	30.34	0.00	0.00
LBC	35	30.41	19.68	19.65	30.26	0.00	0.00
LBC	36	30.58	19.58	19.58	30.27	0.00	0.00
LBC	37	30.51	19.57	19.65	30.28	0.00	0.00
LBC	38	30.51	19.51	19.65	30.33	0.00	0.00
LBC	39	30.51	19.62	19.63	30.24	0.00	0.00
LBC	40	30.46	19.49	19.58	30.48	0.00	0.00
LBC	41	30.42	19.64	19.62	30.32	0.00	0.00
LBC	42	30.54	19.47	19.58	30.41	0.00	0.00
LBC	43	30.39	19.59	19.70	30.32	0.00	0.00
LBC	44	30.56	19.47	19.57	30.39	0.00	0.00
LBC	45	30.46	19.51	19.66	30.37	0.00	0.00
LBC	46	30.47	19.59	19.66	30.29	0.00	0.00
LBC	47	30.51	19.50	19.67	30.32	0.00	0.00
LBC	48	30.64	19.46	19.55	30.35	0.00	0.00
LBC	49	30.46	19.51	19.67	30.36	0.00	0.00
LBC	50	30.42	19.47	19.66	30.44	0.00	0.00
LBC	51	30.66	19.39	19.49	30.46	0.00	0.00
LBC	52	30.55	19.55	19.55	30.35	0.00	0.00
LBC	53	30.65	19.42	19.60	30.33	0.00	0.00
LBC	54	30.75	19.33	19.52	30.41	0.00	0.00
LBC	55	30.66	19.44	19.44	30.46	0.00	0.00
LBC	56	30.59	19.41	19.60	30.39	0.00	0.00
LBC	57	30.64	19.38	19.48	30.50	0.00	0.00
LBC	58	30.39	19.50	19.66	30.45	0.00	0.00
LBC	59	30.55	19.42	19.63	30.40	0.00	0.00
LBC	60	30.49	19.47	19.54	30.51	0.00	0.00
LBC	61	30.55	19.42	19.59	30.43	0.00	0.00
LBC	62	30.54	19.54	19.49	30.42	0.00	0.00
LBC	63	30.67	19.45	19.42	30.46	0.00	0.00
LBC	64	30.67	19.29	19.44	30.61	0.00	0.00
LBC	65	30.59	19.30	19.46	30.65	0.00	0.00
LBC	66	30.67	19.23	19.42	30.68	0.00	0.00
LBC	67	30.62	19.31	19.54	30.53	0.00	0.00
LBC	68	30.48	19.44	19.48	30.60	0.00	0.00
LBC	69	30.63	19.42	19.58	30.37	0.00	0.00
LBC	70	30.56	19.44	19.54	30.46	0.00	0.00
LBC	71	30.59	19.40	19.53	30.48	0.00	0.00
LBC	72	30.68	19.40	19.39	30.54	0.00	0.00
LBC	73	30.59	19.49	19.34	30.57	0.00	0.00
LBC	74	30.56	19.33	19.47	30.64	0.00	0.00
LBC	75	30.72	19.24	19.43	30.62	0.00	0.00
LBC	76	30.75	19.23	19.35	30.67	0.00	0.00
LBC	77	30.74	19.30	19.43	30.53	0.00	0.00
LBC	78	30.75	19.23	19.29	30.73	0.00	0.00
LBC	79	30.64	19.27	19.40	30.68	0.00	0.00
LBC	80	30.56	19.29	19.51	30.65	0.00	0.00
LBC	81	30.72	19.19	19.32	30.77	0.00	0.00
LBC	82	30.62	19.33	19.45	30.59	0.00	0.00
LBC	83	30.70	19.29	19.38	30.64	0.00	0.00
LBC	84	30.75	19.34	19.30	30.61	0.00	0.00
LBC	85	30.67	19.27	19.50	30.57	0.00	0.00
LBC	86	30.64	19.27	19.37	30.73	0.00	0.00
LBC	87	30.81	19.20	19.35	30.64	0.00	0.00
LBC	88	30.75	19.22	19.32	30.71	0.00	0.00
LBC	89	30.76	19.23	19.32	30.68	0.00	0.00
LBC	90	30.76	19.21	19.26	30.77	0.00	0.00
LBC	91	30.73	19.27	19.28	30.72	0.00	0.00
LBC	92	30.66	19.28	19.37	30.69	0.00	0.00
LBC	93	30.93	19.15	19.30	30.61	0.00	0.00
LBC	94	30.80	19.13	19.27	30.80	0.00	0.00
LBC	95	30.75	19.14	19.29	30.81	0.00	0.00
LBC	96	30.78	19.14	19.34	30.74	0.00	0.00
LBC	97	30.80	19.16	19.27	30.77	0.00	0.00
LBC	98	30.90	19.10	19.28	30.72	0.00	0.00
LBC	99	30.92	19.02	19.25	30.81	0.00	0.00
LBC	100	30.77	19.19	19.31	30.73	0.00	0.00
LBC	101	30.78	19.19	19.27	30.76	0.01	0.00
LBC	102	30.82	19.19	19.21	30.77	0.00	0.00
LBC	103	30.76	19.32	19.29	30.63	0.00	0.00
LBC	104	30.80	19.22	19.21	30.77	0.00	0.00
LBC	105	30.82	19.13	19.29	30.77	0.00	0.00
LBC	106	30.89	19.10	19.29	30.73	0.00	0.00
LBC	107	30.89	19.18	19.22	30.71	0.00	0.00
LBC	108	30.99	19.07	19.18	30.75	0.00	0.00
LBC	109	30.84	19.17	19.28	30.71	0.00	0.00
LBC	110	30.94	19.08	19.30	30.68	0.00	0.00
LBC	111	30.89	19.07	19.19	30.86	0.00	0.00
LBC	112	30.86	19.18	19.20	30.76	0.00	0.00
LBC	113	31.04	19.11	19.12	30.74	0.00	0.00
LBC	114	31.00	19.03	19.23	30.73	0.00	0.00
LBC	115	30.92	19.14	19.18	30.76	0.00	0.00
LBC	116	30.84	19.04	19.26	30.87	0.00	0.00
LBC	117	30.84	19.10	19.18	30.87	0.00	0.00
LBC	118	30.80	19.13	19.11	30.96	0.00	0.00
LBC	119	30.87	19.15	19.20	30.78	0.00	0.00
LBC	120	30.81	19.14	19.19	30.87	0.00	0.00
LBC	121	30.79	19.19	19.33	30.69	0.00	0.00
LBC	122	30.76	19.18	19.20	30.86	0.00	0.00
LBC	123	30.77	19.10	19.14	30.99	0.00	0.00
LBC	124	30.94	19.09	19.11	30.85	0.00	0.00
LBC	125	30.85	19.02	19.17	30.96	0.00	0.00
LBC	126	30.99	19.10	19.08	30.83	0.00	0.00
LBC	127	30.80	19.06	19.23	30.92	0.00	0.00
LBC	128	30.97	19.00	19.10	30.93	0.00	0.00
LBC	129	30.96	19.10	19.08	30.86	0.00	0.00
LBC	130	30.99	19.07	19.11	30.83	0.00	0.00
LBC	131	30.85	19.16	19.11	30.88	0.00	0.00
LBC	132	30.92	19.02	19.11	30.95	0.00	0.00
LBC	133	30.97	19.04	19.19	30.80	0.00	0.00
LBC	134	30.85	19.05	19.15	30.96	0.00	0.00
LBC	135	30.95	19.04	19.04	30.96	0.00	0.00
LBC	136	30.71	19.22	19.32	30.75	0.00	0.00
LBC	137	30.84	19.14	19.19	30.82	0.00	0.00
LBC	138	30.75	19.09	19.33	30.83	0.00	0.00
LBC	139	30.69	19.32	19.32	30.67	0.00	0.00
LBC	140	30.68	19.29	19.40	30.63	0.00	0.00
LBC	141	30.67	19.18	19.32	30.82	0.00	0.00
LBC	142	30.51	19.35	19.43	30.72	0.00	0.00
LBC	143	30.69	19.27	19.33	30.72	0.00	0.00
LBC	144	30.93	19.11	19.15	30.81	0.00	0.00
LBC	145	30.84	19.05	19.12	31.00	0.00	0.00
LBC	146	30.99	18.98	19.04	30.99	0.00	0.00
LBC	147	31.01	18.84	18.95	31.19	0.00	0.00
LBC	148	30.94	19.10	19.08	30.88	0.00	0.00
LBC	149	30.94	18.88	19.05	31.13	0.00	0.00
LBC	150	30.83	19.05	19.11	31.01	0.00	0.00
LBC	151	30.96	18.93	18.85	31.25	0.00	0.00
# ACGT raw counters for last fragments. Use `grep ^LTC | cut -f 2-` to extract this part. The columns are: A,C,G,T,N base counters
LTC	64134549	40822496	41015950	63998853	2681
# Insert sizes. Use `grep ^IS | cut -f 2-` to extract this part. The columns are: insert size, pairs total, inward oriented pairs, outward oriented pairs, other pairs
IS	0	32546	9442	7706	15398
IS	1	17	0	17	0
IS	2	14	0	14	0
IS	3	16	0	16	0
IS	4	7	0	7	0
IS	5	19	0	19	0
IS	6	20	0	20	0
IS	7	9	0	9	0
IS	8	14	0	14	0
IS	9	27	0	27	0
IS	10	14	0	14	0
IS	11	18	0	18	0
IS	12	21	0	21	0
IS	13	18	0	18	0
IS	14	22	0	22	0
IS	15	21	0	21	0
IS	16	11	0	11	0
IS	17	19	0	19	0
IS	18	22	0	22	0
IS	19	23	0	23	0
IS	20	32	0	32	0
IS	21	20	0	20	0
IS	22	19	0	19	0
IS	23	11	0	11	0
IS	24	13	0	13	0
IS	25	15	0	15	0
IS	26	16	0	16	0
IS	27	14	0	14	0
IS	28	18	0	18	0
IS	29	22	0	22	0
IS	30	26	0	26	0
IS	31	23	0	23	0
IS	32	28	0	28	0
IS	33	25	0	25	0
IS	34	30	0	30	0
IS	35	22	0	22	0
IS	36	363	158	205	0
IS	37	549	250	299	0
IS	38	682	330	352	0
IS	39	780	398	382	0
IS	40	796	368	428	0
IS	41	865	398	467	0
IS	42	964	446	518	0
IS	43	950	463	487	0
IS	44	1163	544	619	0
IS	45	1285	630	655	0
IS	46	1290	638	652	0
IS	47	1422	672	750	0
IS	48	1444	700	744	0
IS	49	1529	757	772	0
IS	50	1602	753	849	0
IS	51	1642	797	845	0
IS	52	1709	834	875	0
IS	53	1796	879	917	0
IS	54	1923	959	964	0
IS	55	2010	978	1032	0
IS	56	2063	1026	1037	0
IS	57	2196	1057	1139	0
IS	58	2355	1170	1185	0
IS	59	2326	1176	1150	0
IS	60	2465	1253	1212	0
IS	61	2506	1245	1261	0
IS	62	2564	1251	1313	0
IS	63	2657	1295	1362	0
IS	64	2640	1300	1340	0
IS	65	2741	1362	1379	0
IS	66	2921	1429	1492	0
IS	67	2974	1405	1569	0
IS	68	3110	1567	1543	0
IS	69	3106	1550	1556	0
IS	70	3215	1565	1650	0
IS	71	3291	1659	1632	0
IS	72	3275	1684	1591	0
IS	73	3256	1589	1667	0
IS	74	3321	1697	1624	0
IS	75	3472	1753	1719	0
IS	76	3540	1759	1781	0
IS	77	3649	1872	1777	0
IS	78	3736	1886	1850	0
IS	79	3752	1890	1862	0
IS	80	3899	1946	1953	0
IS	81	3784	1860	1924	0
IS	82	3897	1963	1934	0
IS	83	3886	1942	1944	0
IS	84	3861	1951	1910	0
IS	85	3997	2016	1981	0
IS	86	3890	1950	1940	0
IS	87	4042	2026	2016	0
IS	88	4057	2062	1995	0
IS	89	4178	2137	2041	0
IS	90	4188	2086	2102	0
IS	91	4259	2195	2064	0
IS	92	4305	2221	2084	0
IS	93	4099	2057	2042	0
IS	94	4324	2189	2135	0
IS	95	4290	2236	2054	0
IS	96	4407	2247	2160	0
IS	97	4484	2276	2208	0
IS	98	4529	2322	2207	0
IS	99	4564	2329	2235	0
IS	100	4648	2345	2303	0
IS	101	4552	2301	2251	0
IS	102	4523	2299	2224	0
IS	103	4741	2418	2323	0
IS	104	4542	2314	2228	0
IS	105	4646	2419	2227	0
IS	106	4565	2432	2133	0
IS	107	4598	2436	2162	0
IS	108	4777	2363	2414	0
IS	109	4662	2402	2260	0
IS	110	4902	2559	2343	0
IS	111	4893	2567	2326	0
IS	112	4901	2524	2377	0
IS	113	4937	2574	2363	0
IS	114	4946	2569	2377	0
IS	115	5006	2635	2371	0
IS	116	4881	2512	2369	0
IS	117	5054	2639	2415	0
IS	118	5048	2661	2387	0
IS	119	5047	2666	2381	0
IS	120	5044	2631	2413	0
IS	121	5028	2622	2406	0
IS	122	5296	2761	2535	0
IS	123	5307	2711	2596	0
IS	124	5028	2613	2415	0
IS	125	5192	2731	2461	0
IS	126	5317	2740	2577	0
IS	127	5239	2702	2537	0
IS	128	5302	2761	2541	0
IS	129	5252	2751	2501	0
IS	130	5280	2745	2535	0
IS	131	5425	2854	2571	0
IS	132	5305	2771	2534	0
IS	133	5187	2719	2468	0
IS	134	4836	2413	2423	0
IS	135	393	314	79	0
IS	136	454	335	119	0
IS	137	457	298	159	0
IS	138	541	346	195	0
IS	139	643	338	305	0
IS	140	680	352	328	0
IS	141	800	337	463	0
IS	142	1033	367	666	0
IS	143	1172	366	806	0
IS	144	1326	398	928	0
IS	145	1794	356	1438	0
IS	146	2156	406	1750	0
IS	147	2753	438	2315	0
IS	148	4419	573	3846	0
IS	149	5617	1365	4252	0
IS	150	28137	13108	15029	0
IS	151	63057	29864	33193	0
IS	152	5731	5724	7	0
IS	153	5349	5346	3	0
IS	154	5944	5944	0	0
IS	155	6045	6044	1	0
IS	156	5546	5536	10	0
IS	157	5866	5864	2	0
IS	158	5898	5896	2	0
IS	159	5919	5914	5	0
IS	160	5750	5744	6	0
IS	161	5886	5881	5	0
IS	162	5925	5922	3	0
IS	163	6089	6086	3	0
IS	164	5874	5869	5	0
IS	165	5967	5962	5	0
IS	166	5933	5932	1	0
IS	167	5953	5951	2	0
IS	168	6076	6074	2	0
IS	169	5950	5946	4	0
IS	170	6209	6205	4	0
IS	171	6143	6141	2	0
IS	172	6172	6168	4	0
IS	173	6052	6051	1	0
IS	174	6079	6074	5	0
IS	175	5985	5977	8	0
IS	176	5955	5953	2	0
IS	177	5898	5891	7	0
IS	178	6001	5996	5	0
IS	179	6094	6090	4	0
IS	180	6005	6003	2	0
IS	181	6041	6037	4	0
IS	182	6111	6106	5	0
IS	183	6123	6119	4	0
IS	184	6240	6237	3	0
IS	185	6016	6014	2	0
IS	186	6059	6053	6	0
IS	187	6047	6044	3	0
IS	188	5981	5974	7	0
IS	189	6044	6041	3	0
IS	190	6073	6070	3	0
IS	191	6074	6069	5	0
IS	192	6105	6101	4	0
IS	193	5869	5868	1	0
IS	194	6025	6022	3	0
IS	195	5946	5940	6	0
IS	196	5982	5980	2	0
IS	197	5864	5859	5	0
IS	198	5959	5957	2	0
IS	199	5725	5722	3	0
IS	200	5873	5869	4	0
IS	201	5706	5706	0	0
IS	202	6034	6031	3	0
IS	203	5764	5762	2	0
IS	204	5856	5850	6	0
IS	205	5912	5909	3	0
IS	206	5822	5815	7	0
IS	207	5791	5783	8	0
IS	208	5915	5914	1	0
IS	209	5741	5737	4	0
IS	210	5896	5893	3	0
IS	211	5738	5732	6	0
IS	212	5600	5591	9	0
IS	213	5724	5721	3	0
IS	214	5721	5720	1	0
IS	215	5478	5472	6	0
IS	216	5535	5527	8	0
IS	217	5508	5503	5	0
IS	218	5577	5569	8	0
IS	219	5562	5557	5	0
IS	220	5517	5514	3	0
IS	221	5432	5429	3	0
IS	222	5434	5433	1	0
IS	223	5383	5380	3	0
IS	224	5434	5429	5	0
IS	225	5401	5397	4	0
IS	226	5313	5311	2	0
IS	227	5240	5239	1	0
IS	228	5253	5251	2	0
IS	229	5315	5313	2	0
IS	230	5247	5245	2	0
IS	231	5289	5289	0	0
IS	232	5117	5115	2	0
IS	233	5241	5240	1	0
IS	234	5035	5030	5	0
IS	235	5125	5121	4	0
IS	236	5004	5000	4	0
IS	237	4946	4944	2	0
IS	238	5041	5037	4	0
IS	239	4949	4946	3	0
IS	240	4896	4892	4	0
IS	241	4834	4834	0	0
IS	242	4836	4834	2	0
IS	243	4792	4787	5	0
IS	244	4717	4712	5	0
IS	245	4762	4761	1	0
IS	246	4767	4762	5	0
IS	247	4660	4656	4	0
IS	248	4544	4542	2	0
IS	249	4557	4555	2	0
IS	250	4474	4470	4	0
IS	251	4594	4593	1	0
IS	252	4527	4524	3	0
IS	253	4382	4380	2	0
IS	254	4449	4443	6	0
IS	255	4351	4350	1	0
IS	256	4326	4323	3	0
IS	257	4356	4352	4	0
IS	258	4252	4251	1	0
IS	259	4118	4118	0	0
IS	260	4093	4090	3	0
IS	261	4152	4152	0	0
IS	262	4090	4087	3	0
IS	263	4102	4099	3	0
IS	264	4125	4125	0	0
IS	265	3995	3994	1	0
IS	266	3979	3979	0	0
IS	267	3972	3968	4	0
IS	268	3914	3911	3	0
IS	269	3897	3894	3	0
IS	270	3776	3774	2	0
IS	271	3712	3709	3	0
IS	272	3684	3682	2	0
IS	273	3681	3677	4	0
IS	274	3677	3672	5	0
IS	275	3676	3674	2	0
IS	276	3546	3543	3	0
IS	277	3562	3561	1	0
IS	278	3529	3525	4	0
IS	279	3436	3435	1	0
IS	280	3460	3456	4	0
IS	281	3407	3402	5	0
IS	282	3287	3283	4	0
IS	283	3315	3314	1	0
IS	284	3276	3274	2	0
IS	285	3270	3269	1	0
IS	286	3132	3129	3	0
IS	287	3166	3165	1	0
IS	288	3123	3120	3	0
IS	289	3222	3213	9	0
IS	290	3035	3032	3	0
IS	291	2994	2989	5	0
IS	292	2935	2930	5	0
IS	293	2910	2910	0	0
IS	294	3007	3004	3	0
IS	295	2927	2924	3	0
IS	296	2864	2864	0	0
IS	297	2702	2702	0	0
IS	298	2853	2849	4	0
IS	299	2715	2711	4	0
IS	300	2597	2595	2	0
IS	301	2661	2659	2	0
IS	302	2562	2558	4	0
IS	303	2578	2576	2	0
IS	304	2540	2539	1	0
IS	305	2545	2545	0	0
IS	306	2492	2490	2	0
IS	307	2458	2453	5	0
IS	308	2444	2443	1	0
IS	309	2390	2385	5	0
IS	310	2452	2447	5	0
IS	311	2287	2282	5	0
IS	312	2178	2177	1	0
IS	313	2215	2214	1	0
IS	314	2211	2208	3	0
IS	315	2167	2165	2	0
IS	316	2109	2106	3	0
IS	317	2142	2140	2	0
IS	318	2008	2002	6	0
IS	319	2193	2191	2	0
IS	320	2063	2061	2	0
IS	321	2040	2035	5	0
IS	322	1958	1956	2	0
IS	323	1977	1972	5	0
IS	324	1947	1945	2	0
IS	325	1887	1884	3	0
IS	326	1881	1881	0	0
IS	327	1748	1748	0	0
IS	328	1790	1789	1	0
IS	329	1870	1865	5	0
IS	330	1795	1792	3	0
IS	331	1705	1702	3	0
IS	332	1773	1772	1	0
IS	333	1722	1716	6	0
IS	334	1680	1677	3	0
IS	335	1608	1606	2	0
IS	336	1564	1563	1	0
IS	337	1646	1643	3	0
IS	338	1559	1557	2	0
IS	339	1535	1531	4	0
IS	340	1528	1525	3	0
IS	341	1509	1508	1	0
IS	342	1516	1512	4	0
IS	343	1420	1417	3	0
IS	344	1547	1545	2	0
IS	345	1356	1351	5	0
IS	346	1382	1380	2	0
IS	347	1457	1457	0	0
IS	348	1302	1300	2	0
IS	349	1309	1308	1	0
IS	350	1253	1248	5	0
IS	351	1240	1240	0	0
IS	352	1269	1264	5	0
IS	353	1243	1235	8	0
IS	354	1159	1155	4	0
IS	355	1228	1228	0	0
IS	356	1209	1203	6	0
IS	357	1119	1117	2	0
IS	358	1130	1125	5	0
IS	359	1101	1098	3	0
IS	360	1108	1104	4	0
IS	361	1142	1140	2	0
IS	362	1111	1108	3	0
IS	363	1025	1024	1	0
IS	364	1033	1029	4	0
IS	365	1024	1018	6	0
IS	366	973	963	10	0
IS	367	919	916	3	0
IS	368	1000	997	3	0
IS	369	902	896	6	0
IS	370	886	882	4	0
IS	371	946	946	0	0
IS	372	937	934	3	0
IS	373	902	898	4	0
IS	374	825	824	1	0
IS	375	842	841	1	0
IS	376	825	821	4	0
IS	377	872	868	4	0
IS	378	807	804	3	0
IS	379	758	754	4	0
IS	380	757	755	2	0
IS	381	765	763	2	0
IS	382	717	715	2	0
IS	383	766	764	2	0
IS	384	748	744	4	0
IS	385	693	692	1	0
IS	386	745	742	3	0
IS	387	722	719	3	0
IS	388	673	669	4	0
IS	389	653	652	1	0
IS	390	664	662	2	0
IS	391	632	631	1	0
IS	392	706	701	5	0
IS	393	565	565	0	0
IS	394	625	623	2	0
IS	395	619	616	3	0
IS	396	609	606	3	0
IS	397	608	608	0	0
IS	398	545	542	3	0
IS	399	542	538	4	0
IS	400	522	522	0	0
IS	401	512	510	2	0
IS	402	537	535	2	0
IS	403	516	514	2	0
IS	404	557	553	4	0
IS	405	514	513	1	0
IS	406	486	484	2	0
IS	407	505	505	0	0
IS	408	480	479	1	0
IS	409	462	460	2	0
IS	410	420	418	2	0
IS	411	519	518	1	0
IS	412	434	432	2	0
IS	413	430	427	3	0
IS	414	427	425	2	0
IS	415	421	417	4	0
IS	416	398	396	2	0
IS	417	392	389	3	0
IS	418	396	391	5	0
IS	419	388	387	1	0
IS	420	370	369	1	0
IS	421	364	362	2	0
IS	422	385	381	4	0
IS	423	344	339	5	0
IS	424	354	352	2	0
IS	425	367	366	1	0
IS	426	363	363	0	0
IS	427	362	360	2	0
IS	428	323	321	2	0
IS	429	308	305	3	0
IS	430	306	303	3	0
IS	431	324	322	2	0
IS	432	293	292	1	0
IS	433	289	287	2	0
IS	434	324	320	4	0
IS	435	305	304	1	0
IS	436	270	269	1	0
IS	437	280	276	4	0
IS	438	241	239	2	0
IS	439	241	240	1	0
IS	440	241	240	1	0
IS	441	264	262	2	0
IS	442	242	241	1	0
IS	443	246	245	1	0
IS	444	231	227	4	0
IS	445	225	224	1	0
IS	446	245	244	1	0
IS	447	237	233	4	0
IS	448	229	228	1	0
IS	449	250	247	3	0
IS	450	236	233	3	0
IS	451	187	181	6	0
IS	452	217	213	4	0
# Read lengths. Use `grep ^RL | cut -f 2-` to extract this part. The columns are: read length, count
RL	36	2831
RL	37	3196
RL	38	3485
RL	39	3686
RL	40	3663
RL	41	3977
RL	42	4134
RL	43	4175
RL	44	4494
RL	45	4796
RL	46	4946
RL	47	5114
RL	48	5155
RL	49	5304
RL	50	5400
RL	51	5576
RL	52	5627
RL	53	5874
RL	54	6152
RL	55	6410
RL	56	6512
RL	57	6738
RL	58	7144
RL	59	7061
RL	60	7257
RL	61	7311
RL	62	7455
RL	63	7627
RL	64	7562
RL	65	7778
RL	66	8077
RL	67	8288
RL	68	8655
RL	69	8728
RL	70	8830
RL	71	8884
RL	72	8880
RL	73	8876
RL	74	8917
RL	75	9403
RL	76	9511
RL	77	9598
RL	78	9886
RL	79	9796
RL	80	10159
RL	81	10023
RL	82	10164
RL	83	10162
RL	84	10057
RL	85	10390
RL	86	10197
RL	87	10449
RL	88	10457
RL	89	10747
RL	90	10745
RL	91	10878
RL	92	11051
RL	93	10624
RL	94	11000
RL	95	10953
RL	96	11330
RL	97	11399
RL	98	11503
RL	99	11569
RL	100	11735
RL	101	11489
RL	102	11559
RL	103	12076
RL	104	11693
RL	105	11784
RL	106	11542
RL	107	11749
RL	108	11959
RL	109	11856
RL	110	12382
RL	111	12175
RL	112	12323
RL	113	12325
RL	114	12415
RL	115	12642
RL	116	12269
RL	117	12776
RL	118	12438
RL	119	12456
RL	120	12559
RL	121	12463
RL	122	13032
RL	123	12901
RL	124	12494
RL	125	12812
RL	126	13049
RL	127	12916
RL	128	12995
RL	129	12843
RL	130	12793
RL	131	13346
RL	132	12880
RL	133	12563
RL	134	11522
RL	135	2680
RL	136	2609
RL	137	2605
RL	138	2606
RL	139	2606
RL	140	2475
RL	141	2636
RL	142	2659
RL	143	2592
RL	144	2704
RL	145	2677
RL	146	2825
RL	147	3927
RL	148	12146
RL	149	56267
RL	150	533229
RL	151	1596174
# Read lengths - first fragments. Use `grep ^FRL | cut -f 2-` to extract this part. The columns are: read length, count
FRL	36	1030
FRL	37	1212
FRL	38	1370
FRL	39	1454
FRL	40	1448
FRL	41	1631
FRL	42	1706
FRL	43	1729
FRL	44	1921
FRL	45	2065
FRL	46	2145
FRL	47	2251
FRL	48	2289
FRL	49	2318
FRL	50	2386
FRL	51	2537
FRL	52	2474
FRL	53	2597
FRL	54	2773
FRL	55	2879
FRL	56	2932
FRL	57	3071
FRL	58	3271
FRL	59	3230
FRL	60	3321
FRL	61	3397
FRL	62	3425
FRL	63	3585
FRL	64	3535
FRL	65	3634
FRL	66	3752
FRL	67	3815
FRL	68	4074
FRL	69	4068
FRL	70	4136
FRL	71	4173
FRL	72	4140
FRL	73	4182
FRL	74	4176
FRL	75	4440
FRL	76	4515
FRL	77	4513
FRL	78	4701
FRL	79	4642
FRL	80	4826
FRL	81	4752
FRL	82	4854
FRL	83	4798
FRL	84	4739
FRL	85	4936
FRL	86	4853
FRL	87	4920
FRL	88	4974
FRL	89	5129
FRL	90	5117
FRL	91	5178
FRL	92	5235
FRL	93	5030
FRL	94	5195
FRL	95	5174
FRL	96	5324
FRL	97	5328
FRL	98	5395
FRL	99	5398
FRL	100	5529
FRL	101	5410
FRL	102	5453
FRL	103	5627
FRL	104	5457
FRL	105	5495
FRL	106	5366
FRL	107	5503
FRL	108	5602
FRL	109	5531
FRL	110	5834
FRL	111	5726
FRL	112	5814
FRL	113	5817
FRL	114	5880
FRL	115	6026
FRL	116	5733
FRL	117	6110
FRL	118	5901
FRL	119	5975
FRL	120	5972
FRL	121	5954
FRL	122	6252
FRL	123	6199
FRL	124	5977
FRL	125	6139
FRL	126	6278
FRL	127	6222
FRL	128	6248
FRL	129	6100
FRL	130	6205
FRL	131	6428
FRL	132	6250
FRL	133	6084
FRL	134	5868
FRL	135	932
FRL	136	980
FRL	137	893
FRL	138	901
FRL	139	875
FRL	140	864
FRL	141	951
FRL	142	964
FRL	143	971
FRL	144	948
FRL	145	946
FRL	146	1016
FRL	147	1296
FRL	148	4161
FRL	149	21194
FRL	150	242363
FRL	151	866109
# Read lengths - last fragments. Use `grep ^LRL | cut -f 2-` to extract this part. The columns are: read length, count
LRL	36	1801
LRL	37	1984
LRL	38	2115
LRL	39	2232
LRL	40	2215
LRL	41	2346
LRL	42	2428
LRL	43	2446
LRL	44	2573
LRL	45	2731
LRL	46	2801
LRL	47	2863
LRL	48	2866
LRL	49	2986
LRL	50	3014
LRL	51	3039
LRL	52	3153
LRL	53	3277
LRL	54	3379
LRL	55	3531
LRL	56	3580
LRL	57	3667
LRL	58	3873
LRL	59	3831
LRL	60	3936
LRL	61	3914
LRL	62	4030
LRL	63	4042
LRL	64	4027
LRL	65	4144
LRL	66	4325
LRL	67	4473
LRL	68	4581
LRL	69	4660
LRL	70	4694
LRL	71	4711
LRL	72	4740
LRL	73	4694
LRL	74	4741
LRL	75	4963
LRL	76	4996
LRL	77	5085
LRL	78	5185
LRL	79	5154
LRL	80	5333
LRL	81	5271
LRL	82	5310
LRL	83	5364
LRL	84	5318
LRL	85	5454
LRL	86	5344
LRL	87	5529
LRL	88	5483
LRL	89	5618
LRL	90	5628
LRL	91	5700
LRL	92	5816
LRL	93	5594
LRL	94	5805
LRL	95	5779
LRL	96	6006
LRL	97	6071
LRL	98	6108
LRL	99	6171
LRL	100	6206
LRL	101	6079
LRL	102	6106
LRL	103	6449
LRL	104	6236
LRL	105	6289
LRL	106	6176
LRL	107	6246
LRL	108	6357
LRL	109	6325
LRL	110	6548
LRL	111	6449
LRL	112	6509
LRL	113	6508
LRL	114	6535
LRL	115	6616
LRL	116	6536
LRL	117	6666
LRL	118	6537
LRL	119	6481
LRL	120	6587
LRL	121	6509
LRL	122	6780
LRL	123	6702
LRL	124	6517
LRL	125	6673
LRL	126	6771
LRL	127	6694
LRL	128	6747
LRL	129	6743
LRL	130	6588
LRL	131	6918
LRL	132	6630
LRL	133	6479
LRL	134	5654
LRL	135	1748
LRL	136	1629
LRL	137	1712
LRL	138	1705
LRL	139	1731
LRL	140	1611
LRL	141	1685
LRL	142	1695
LRL	143	1621
LRL	144	1756
LRL	145	1731
LRL	146	1809
LRL	147	2631
LRL	148	7985
LRL	149	35073
LRL	150	290866
LRL	151	730065
# Mapping qualities for reads !(UNMAP|SECOND|SUPPL|QCFAIL|DUP). Use `grep ^MAPQ | cut -f 2-` to extract this part. The columns are: mapq, count
MAPQ	0	532272
MAPQ	1	214616
MAPQ	2	413593
MAPQ	3	224535
MAPQ	4	140063
MAPQ	5	95588
MAPQ	6	70662
MAPQ	7	52413
MAPQ	8	43824
MAPQ	9	33361
MAPQ	10	27078
MAPQ	11	21610
MAPQ	12	19811
MAPQ	13	15698
MAPQ	14	14939
MAPQ	15	13868
MAPQ	16	11512
MAPQ	17	10615
MAPQ	18	10081
MAPQ	19	9150
MAPQ	20	8936
MAPQ	21	7732
MAPQ	22	7840
MAPQ	23	7146
MAPQ	24	6988
MAPQ	25	6241
MAPQ	26	6138
MAPQ	27	5994
MAPQ	28	5744
MAPQ	29	5351
MAPQ	30	5499
MAPQ	31	4358
MAPQ	32	4673
MAPQ	33	4367
MAPQ	34	4027
MAPQ	35	4014
MAPQ	36	3784
MAPQ	37	3183
MAPQ	38	3255
MAPQ	39	3167
MAPQ	40	3117
MAPQ	41	2545
MAPQ	42	2738
MAPQ	43	2288
MAPQ	44	2238
MAPQ	45	2046
MAPQ	46	1698
MAPQ	47	1497
MAPQ	48	1304
MAPQ	49	860
MAPQ	50	359
MAPQ	51	67
MAPQ	52	7
MAPQ	53	8
MAPQ	54	2
MAPQ	60	955106
# Indel distribution. Use `grep ^ID | cut -f 2-` to extract this part. The columns are: length, number of insertions, number of deletions
ID	1	798616	850261
ID	2	129677	161061
ID	3	44322	57525
ID	4	19936	26745
ID	5	9703	13363
ID	6	5502	8240
ID	7	2613	4302
ID	8	1471	2406
ID	9	759	1464
ID	10	420	870
ID	11	174	454
ID	12	121	243
ID	13	35	67
ID	14	10	26
ID	15	1	1
ID	20	0	1
# Indels per cycle. Use `grep ^IC | cut -f 2-` to extract this part. The columns are: cycle, number of insertions (fwd), .. (rev) , number of deletions (fwd), .. (rev)
IC	3	0	0	1624	1665
IC	4	1184	1152	1868	1901
IC	5	1421	1367	2322	2231
IC	6	1883	1909	2369	2204
IC	7	1953	1988	2374	2423
IC	8	2056	2163	2557	2641
IC	9	2446	2473	2783	2674
IC	10	2599	2589	2743	2806
IC	11	2531	2625	3333	3292
IC	12	2687	2651	3024	3138
IC	13	2811	2766	3229	3231
IC	14	2992	2993	3247	3351
IC	15	3248	3422	3583	3785
IC	16	3208	3318	3509	3596
IC	17	3240	3254	3604	3634
IC	18	3471	3395	3669	3830
IC	19	3405	3490	3641	3924
IC	20	3646	3597	3938	3954
IC	21	4078	4056	4048	4148
IC	22	3766	3765	4138	4104
IC	23	3776	3897	4207	4308
IC	24	3903	3856	4278	4190
IC	25	3951	4045	4259	4368
IC	26	3760	3905	4403	4281
IC	27	3942	4024	4373	4442
IC	28	4042	4162	4482	4677
IC	29	4283	4301	4487	4609
IC	30	4182	4165	4743	4632
IC	31	4311	4330	4638	4623
IC	32	4131	4245	4725	4613
IC	33	4351	4241	4632	4539
IC	34	4233	4399	4506	4606
IC	35	4302	4176	4776	4654
IC	36	4273	4245	4792	4784
IC	37	4279	4280	4935	4692
IC	38	4266	4248	4796	4731
IC	39	4416	4383	4731	4760
IC	40	4393	4490	4756	4834
IC	41	4639	4520	4834	4773
IC	42	4313	4437	4834	4800
IC	43	4295	4315	4753	4839
IC	44	4321	4531	4942	4786
IC	45	4342	4252	4975	4896
IC	46	4297	4451	4811	4783
IC	47	4308	4418	4783	4952
IC	48	4374	4309	4859	4763
IC	49	4435	4313	4702	4777
IC	50	4353	4386	4883	4684
IC	51	4308	4231	4790	4756
IC	52	4651	4503	4753	4661
IC	53	4348	4209	4769	4836
IC	54	4425	4275	4860	4722
IC	55	4322	4429	4909	4714
IC	56	4315	4215	4828	4754
IC	57	4481	4262	4784	4779
IC	58	4259	4270	4781	4747
IC	59	4625	4399	4782	4737
IC	60	4530	4310	4797	4769
IC	61	4303	4322	4636	4799
IC	62	4481	4236	4765	4849
IC	63	4236	4096	4762	4722
IC	64	4394	4163	4762	4661
IC	65	4214	4122	5181	4921
IC	66	4282	4188	4745	4446
IC	67	4173	4008	4828	4738
IC	68	4174	4067	4633	4518
IC	69	4282	4132	4719	4718
IC	70	4393	4050	4756	4598
IC	71	4202	4090	4631	4680
IC	72	4266	3988	4682	4687
IC	73	4408	3958	4662	4519
IC	74	4338	4084	4676	4476
IC	75	4347	4072	4598	4400
IC	76	4228	3935	4615	4494
IC	77	4155	4003	4629	4498
IC	78	4294	4099	4697	4349
IC	79	4024	4013	4599	4259
IC	80	4132	3970	4637	4442
IC	81	4160	3932	4434	4304
IC	82	4043	3724	4485	4314
IC	83	4049	3932	4518	4396
IC	84	3949	3811	4458	4371
IC	85	4096	3912	4394	4371
IC	86	4006	3908	4427	4288
IC	87	3894	3754	4435	4364
IC	88	3991	3889	4489	4154
IC	89	3975	3736	4332	4249
IC	90	4003	3750	4265	4228
IC	91	3841	3804	4301	4248
IC	92	3783	3563	4340	4080
IC	93	3906	3663	4359	4102
IC	94	3813	3701	4325	4081
IC	95	3796	3652	4219	4078
IC	96	3811	3612	4176	3923
IC	97	3668	3584	4239	3968
IC	98	3650	3576	4146	3947
IC	99	3711	3542	4184	4022
IC	100	3691	3551	4096	3983
IC	101	3562	3545	4039	3867
IC	102	3624	3393	4021	3814
IC	103	3629	3379	3998	3865
IC	104	3546	3489	3920	3798
IC	105	3531	3347	3952	3632
IC	106	3505	3432	3943	3681
IC	107	3440	3338	3893	3714
IC	108	3442	3327	3873	3603
IC	109	3410	3252	3837	3634
IC	110	3414	3339	3791	3638
IC	111	3262	3202	3693	3687
IC	112	3365	3215	3728	3558
IC	113	3259	3102	3598	3448
IC	114	3314	3208	3612	3535
IC	115	3265	3097	3598	3421
IC	116	3165	3100	3494	3460
IC	117	3012	2929	3494	3180
IC	118	3134	2948	3526	3322
IC	119	3071	2934	3461	3324
IC	120	3080	2808	3486	3201
IC	121	3001	2791	3407	3166
IC	122	2958	2747	3486	3201
IC	123	2894	2831	3373	3063
IC	124	2991	2734	3275	3100
IC	125	2826	2548	3206	3033
IC	126	2738	2582	3129	3024
IC	127	2839	2558	2938	2914
IC	128	2683	2627	2981	2877
IC	129	2674	2541	2948	2747
IC	130	2572	2449	2775	2682
IC	131	2576	2390	2775	2609
IC	132	2479	2437	2806	2598
IC	133	2453	2354	2687	2639
IC	134	2388	2276	2658	2537
IC	135	2442	2292	2757	2455
IC	136	2646	2592	2674	2471
IC	137	2512	2451	2658	2530
IC	138	2627	2435	2568	2424
IC	139	2613	2431	2505	2384
IC	140	2478	2335	2493	2248
IC	141	2444	2295	2418	2204
IC	142	2318	2258	2267	2114
IC	143	2248	2061	2265	2017
IC	144	2041	1981	2242	1989
IC	145	1794	1744	2017	1796
IC	146	1496	1405	1912	1688
IC	147	1278	1156	1686	1564
IC	148	807	715	1439	1237
# Coverage distribution. Use `grep ^COV | cut -f 2-` to extract this part.
COV	[1-1]	1	74930953
COV	[2-2]	2	56847836
COV	[3-3]	3	16835328
COV	[4-4]	4	11516293
COV	[5-5]	5	4231252
COV	[6-6]	6	2585291
COV	[7-7]	7	1203613
COV	[8-8]	8	766857
COV	[9-9]	9	441567
COV	[10-10]	10	304220
COV	[11-11]	11	204391
COV	[12-12]	12	152967
COV	[13-13]	13	116884
COV	[14-14]	14	97048
COV	[15-15]	15	80722
COV	[16-16]	16	67156
COV	[17-17]	17	57549
COV	[18-18]	18	53028
COV	[19-19]	19	45394
COV	[20-20]	20	40978
COV	[21-21]	21	37607
COV	[22-22]	22	33855
COV	[23-23]	23	30725
COV	[24-24]	24	28578
COV	[25-25]	25	24728
COV	[26-26]	26	22310
COV	[27-27]	27	19578
COV	[28-28]	28	18294
COV	[29-29]	29	16927
COV	[30-30]	30	15373
COV	[31-31]	31	13710
COV	[32-32]	32	12975
COV	[33-33]	33	10911
COV	[34-34]	34	10495
COV	[35-35]	35	9554
COV	[36-36]	36	8719
COV	[37-37]	37	7975
COV	[38-38]	38	7034
COV	[39-39]	39	6660
COV	[40-40]	40	6296
COV	[41-41]	41	6120
COV	[42-42]	42	5456
COV	[43-43]	43	5635
COV	[44-44]	44	5054
COV	[45-45]	45	4758
COV	[46-46]	46	4866
COV	[47-47]	47	4265
COV	[48-48]	48	4299
COV	[49-49]	49	4069
COV	[50-50]	50	3894
COV	[51-51]	51	3876
COV	[52-52]	52	3591
COV	[53-53]	53	3449
COV	[54-54]	54	3146
COV	[55-55]	55	3212
COV	[56-56]	56	3076
COV	[57-57]	57	3121
COV	[58-58]	58	2899
COV	[59-59]	59	2557
COV	[60-60]	60	2757
COV	[61-61]	61	2626
COV	[62-62]	62	2989
COV	[63-63]	63	2569
COV	[64-64]	64	2693
COV	[65-65]	65	2742
COV	[66-66]	66	2761
COV	[67-67]	67	2392
COV	[68-68]	68	2466
COV	[69-69]	69	2349
COV	[70-70]	70	2538
COV	[71-71]	71	2552
COV	[72-72]	72	2341
COV	[73-73]	73	2178
COV	[74-74]	74	2250
COV	[75-75]	75	2277
COV	[76-76]	76	2305
COV	[77-77]	77	2212
COV	[78-78]	78	2126
COV	[79-79]	79	2359
COV	[80-80]	80	2145
COV	[81-81]	81	1930
COV	[82-82]	82	2059
COV	[83-83]	83	1940
COV	[84-84]	84	1959
COV	[85-85]	85	1789
COV	[86-86]	86	1998
COV	[87-87]	87	1795
COV	[88-88]	88	1925
COV	[89-89]	89	2164
COV	[90-90]	90	1838
COV	[91-91]	91	1737
COV	[92-92]	92	1841
COV	[93-93]	93	1775
COV	[94-94]	94	1788
COV	[95-95]	95	1695
COV	[96-96]	96	1734
COV	[97-97]	97	1542
COV	[98-98]	98	1682
COV	[99-99]	99	1709
COV	[100-100]	100	1668
COV	[101-101]	101	1528
COV	[102-102]	102	1597
COV	[103-103]	103	1559
COV	[104-104]	104	1487
COV	[105-105]	105	1465
COV	[106-106]	106	1394
COV	[107-107]	107	1582
COV	[108-108]	108	1435
COV	[109-109]	109	1436
COV	[110-110]	110	1559
COV	[111-111]	111	1460
COV	[112-112]	112	1437
COV	[113-113]	113	1358
COV	[114-114]	114	1288
COV	[115-115]	115	1305
COV	[116-116]	116	1336
COV	[117-117]	117	1271
COV	[118-118]	118	1185
COV	[119-119]	119	1145
COV	[120-120]	120	1172
COV	[121-121]	121	1070
COV	[122-122]	122	1161
COV	[123-123]	123	991
COV	[124-124]	124	1103
COV	[125-125]	125	1006
COV	[126-126]	126	975
COV	[127-127]	127	938
COV	[128-128]	128	882
COV	[129-129]	129	972
COV	[130-130]	130	853
COV	[131-131]	131	806
COV	[132-132]	132	865
COV	[133-133]	133	836
COV	[134-134]	134	815
COV	[135-135]	135	801
COV	[136-136]	136	808
COV	[137-137]	137	807
COV	[138-138]	138	705
COV	[139-139]	139	711
COV	[140-140]	140	691
COV	[141-141]	141	636
COV	[142-142]	142	623
COV	[143-143]	143	609
COV	[144-144]	144	626
COV	[145-145]	145	606
COV	[146-146]	146	553
COV	[147-147]	147	552
COV	[148-148]	148	572
COV	[149-149]	149	519
COV	[150-150]	150	508
COV	[151-151]	151	448
COV	[152-152]	152	448
COV	[153-153]	153	404
COV	[154-154]	154	443
COV	[155-155]	155	443
COV	[156-156]	156	412
COV	[157-157]	157	439
COV	[158-158]	158	414
COV	[159-159]	159	392
COV	[160-160]	160	373
COV	[161-161]	161	398
COV	[162-162]	162	382
COV	[163-163]	163	350
COV	[164-164]	164	337
COV	[165-165]	165	359
COV	[166-166]	166	326
COV	[167-167]	167	288
COV	[168-168]	168	350
COV	[169-169]	169	333
COV	[170-170]	170	314
COV	[171-171]	171	303
COV	[172-172]	172	265
COV	[173-173]	173	298
COV	[174-174]	174	250
COV	[175-175]	175	212
COV	[176-176]	176	223
COV	[177-177]	177	222
COV	[178-178]	178	221
COV	[179-179]	179	219
COV	[180-180]	180	214
COV	[181-181]	181	210
COV	[182-182]	182	230
COV	[183-183]	183	199
COV	[184-184]	184	192
COV	[185-185]	185	238
COV	[186-186]	186	234
COV	[187-187]	187	201
COV	[188-188]	188	196
COV	[189-189]	189	179
COV	[190-190]	190	211
COV	[191-191]	191	207
COV	[192-192]	192	186
COV	[193-193]	193	209
COV	[194-194]	194	197
COV	[195-195]	195	194
COV	[196-196]	196	224
COV	[197-197]	197	190
COV	[198-198]	198	168
COV	[199-199]	199	186
COV	[200-200]	200	165
COV	[201-201]	201	208
COV	[202-202]	202	199
COV	[203-203]	203	177
COV	[204-204]	204	195
COV	[205-205]	205	185
COV	[206-206]	206	174
COV	[207-207]	207	153
COV	[208-208]	208	174
COV	[209-209]	209	195
COV	[210-210]	210	202
COV	[211-211]	211	207
COV	[212-212]	212	171
COV	[213-213]	213	200
COV	[214-214]	214	168
COV	[215-215]	215	167
COV	[216-216]	216	166
COV	[217-217]	217	193
COV	[218-218]	218	134
COV	[219-219]	219	173
COV	[220-220]	220	159
COV	[221-221]	221	116
COV	[222-222]	222	152
COV	[223-223]	223	141
COV	[224-224]	224	130
COV	[225-225]	225	153
COV	[226-226]	226	141
COV	[227-227]	227	181
COV	[228-228]	228	141
COV	[229-229]	229	169
COV	[230-230]	230	160
COV	[231-231]	231	131
COV	[232-232]	232	170
COV	[233-233]	233	140
COV	[234-234]	234	158
COV	[235-235]	235	150
COV	[236-236]	236	147
COV	[237-237]	237	168
COV	[238-238]	238	162
COV	[239-239]	239	143
COV	[240-240]	240	149
COV	[241-241]	241	149
COV	[242-242]	242	138
COV	[243-243]	243	176
COV	[244-244]	244	166
COV	[245-245]	245	157
COV	[246-246]	246	175
COV	[247-247]	247	184
COV	[248-248]	248	137
COV	[249-249]	249	124
COV	[250-250]	250	151
COV	[251-251]	251	147
COV	[252-252]	252	166
COV	[253-253]	253	127
COV	[254-254]	254	130
COV	[255-255]	255	167
COV	[256-256]	256	159
COV	[257-257]	257	167
COV	[258-258]	258	166
COV	[259-259]	259	156
COV	[260-260]	260	167
COV	[261-261]	261	151
COV	[262-262]	262	159
COV	[263-263]	263	137
COV	[264-264]	264	137
COV	[265-265]	265	128
COV	[266-266]	266	151
COV	[267-267]	267	174
COV	[268-268]	268	135
COV	[269-269]	269	160
COV	[270-270]	270	155
COV	[271-271]	271	133
COV	[272-272]	272	150
COV	[273-273]	273	133
COV	[274-274]	274	135
COV	[275-275]	275	129
COV	[276-276]	276	118
COV	[277-277]	277	110
COV	[278-278]	278	108
COV	[279-279]	279	100
COV	[280-280]	280	103
COV	[281-281]	281	126
COV	[282-282]	282	111
COV	[283-283]	283	102
COV	[284-284]	284	118
COV	[285-285]	285	100
COV	[286-286]	286	82
COV	[287-287]	287	91
COV	[288-288]	288	112
COV	[289-289]	289	90
COV	[290-290]	290	114
COV	[291-291]	291	96
COV	[292-292]	292	83
COV	[293-293]	293	79
COV	[294-294]	294	73
COV	[295-295]	295	72
COV	[296-296]	296	89
COV	[297-297]	297	100
COV	[298-298]	298	103
COV	[299-299]	299	99
COV	[300-300]	300	108
COV	[301-301]	301	68
COV	[302-302]	302	77
COV	[303-303]	303	62
COV	[304-304]	304	67
COV	[305-305]	305	88
COV	[306-306]	306	76
COV	[307-307]	307	73
COV	[308-308]	308	60
COV	[309-309]	309	65
COV	[310-310]	310	61
COV	[311-311]	311	85
COV	[312-312]	312	106
COV	[313-313]	313	65
COV	[314-314]	314	61
COV	[315-315]	315	44
COV	[316-316]	316	65
COV	[317-317]	317	55
COV	[318-318]	318	45
COV	[319-319]	319	60
COV	[320-320]	320	52
COV	[321-321]	321	48
COV	[322-322]	322	48
COV	[323-323]	323	45
COV	[324-324]	324	45
COV	[325-325]	325	48
COV	[326-326]	326	46
COV	[327-327]	327	46
COV	[328-328]	328	50
COV	[329-329]	329	44
COV	[330-330]	330	52
COV	[331-331]	331	35
COV	[332-332]	332	40
COV	[333-333]	333	35
COV	[334-334]	334	32
COV	[335-335]	335	50
COV	[336-336]	336	38
COV	[337-337]	337	32
COV	[338-338]	338	43
COV	[339-339]	339	43
COV	[340-340]	340	42
COV	[341-341]	341	90
COV	[342-342]	342	34
COV	[343-343]	343	30
COV	[344-344]	344	26
COV	[345-345]	345	31
COV	[346-346]	346	27
COV	[347-347]	347	40
COV	[348-348]	348	32
COV	[349-349]	349	23
COV	[350-350]	350	23
COV	[351-351]	351	29
COV	[352-352]	352	37
COV	[353-353]	353	26
COV	[354-354]	354	27
COV	[355-355]	355	21
COV	[356-356]	356	20
COV	[357-357]	357	17
COV	[358-358]	358	11
COV	[359-359]	359	17
COV	[360-360]	360	14
COV	[361-361]	361	16
COV	[362-362]	362	13
COV	[363-363]	363	46
COV	[364-364]	364	6
COV	[365-365]	365	11
COV	[366-366]	366	8
COV	[367-367]	367	5
COV	[368-368]	368	8
COV	[369-369]	369	12
COV	[370-370]	370	9
COV	[371-371]	371	10
COV	[372-372]	372	5
COV	[373-373]	373	8
COV	[374-374]	374	5
COV	[375-375]	375	10
COV	[376-376]	376	11
COV	[377-377]	377	8
COV	[378-378]	378	5
COV	[379-379]	379	8
COV	[380-380]	380	6
COV	[381-381]	381	9
COV	[382-382]	382	6
COV	[383-383]	383	5
COV	[384-384]	384	4
COV	[385-385]	385	9
COV	[386-386]	386	5
COV	[387-387]	387	7
COV	[388-388]	388	19
COV	[389-389]	389	3
COV	[390-390]	390	6
COV	[391-391]	391	8
COV	[392-392]	392	8
COV	[393-393]	393	9
COV	[395-395]	395	2
COV	[396-396]	396	4
COV	[397-397]	397	1
COV	[398-398]	398	4
COV	[399-399]	399	2
COV	[400-400]	400	1
COV	[403-403]	403	3
COV	[404-404]	404	2
COV	[405-405]	405	8
COV	[407-407]	407	2
COV	[411-411]	411	1
COV	[412-412]	412	2
COV	[413-413]	413	1
COV	[414-414]	414	1
COV	[415-415]	415	3
COV	[417-417]	417	1
COV	[418-418]	418	1
COV	[419-419]	419	1
COV	[420-420]	420	3
COV	[421-421]	421	2
COV	[422-422]	422	2
COV	[423-423]	423	1
COV	[425-425]	425	3
COV	[427-427]	427	2
COV	[429-429]	429	2
COV	[430-430]	430	6
COV	[431-431]	431	2
COV	[433-433]	433	3
COV	[434-434]	434	2
COV	[435-435]	435	5
COV	[436-436]	436	8
COV	[440-440]	440	1
COV	[443-443]	443	5
COV	[444-444]	444	1
COV	[447-447]	447	1
COV	[449-449]	449	3
COV	[450-450]	450	3
COV	[452-452]	452	1
COV	[453-453]	453	3
COV	[454-454]	454	1
COV	[457-457]	457	1
COV	[458-458]	458	2
COV	[459-459]	459	1
COV	[460-460]	460	2
COV	[461-461]	461	1
COV	[464-464]	464	1
COV	[465-465]	465	3
COV	[466-466]	466	5
COV	[467-467]	467	2
COV	[469-469]	469	3
COV	[470-470]	470	1
COV	[474-474]	474	1
COV	[476-476]	476	1
COV	[477-477]	477	2
COV	[478-478]	478	2
COV	[480-480]	480	2
COV	[481-481]	481	2
COV	[482-482]	482	2
COV	[484-484]	484	1
COV	[485-485]	485	1
COV	[487-487]	487	1
COV	[488-488]	488	3
COV	[489-489]	489	3
COV	[490-490]	490	6
COV	[491-491]	491	2
COV	[492-492]	492	2
COV	[493-493]	493	1
COV	[494-494]	494	2
COV	[495-495]	495	1
COV	[496-496]	496	10
COV	[497-497]	497	2
COV	[498-498]	498	7
COV	[499-499]	499	2
COV	[501-501]	501	3
COV	[502-502]	502	3
COV	[503-503]	503	6
COV	[504-504]	504	1
COV	[506-506]	506	1
COV	[511-511]	511	1
COV	[526-526]	526	1
COV	[527-527]	527	1
COV	[528-528]	528	1
COV	[529-529]	529	1
COV	[531-531]	531	1
COV	[532-532]	532	1
COV	[533-533]	533	1
COV	[534-534]	534	1
COV	[535-535]	535	2
COV	[536-536]	536	1
COV	[537-537]	537	1
COV	[540-540]	540	3
COV	[541-541]	541	1
COV	[543-543]	543	1
COV	[544-544]	544	4
COV	[547-547]	547	1
COV	[548-548]	548	1
COV	[549-549]	549	18
COV	[553-553]	553	1
COV	[554-554]	554	1
COV	[558-558]	558	1
COV	[560-560]	560	3
COV	[563-563]	563	1
COV	[564-564]	564	1
COV	[567-567]	567	2
COV	[568-568]	568	4
COV	[569-569]	569	1
COV	[570-570]	570	1
COV	[571-571]	571	9
COV	[575-575]	575	1
COV	[576-576]	576	1
COV	[577-577]	577	6
COV	[582-582]	582	1
COV	[583-583]	583	2
COV	[584-584]	584	1
COV	[585-585]	585	1
COV	[586-586]	586	4
COV	[588-588]	588	1
COV	[590-590]	590	1
COV	[592-592]	592	1
COV	[593-593]	593	1
COV	[600-600]	600	1
COV	[602-602]	602	1
COV	[603-603]	603	3
COV	[604-604]	604	1
COV	[605-605]	605	1
COV	[610-610]	610	2
COV	[619-619]	619	1
COV	[621-621]	621	1
COV	[622-622]	622	1
COV	[624-624]	624	4
COV	[627-627]	627	1
COV	[628-628]	628	6
COV	[629-629]	629	1
COV	[631-631]	631	1
COV	[636-636]	636	1
COV	[639-639]	639	1
COV	[640-640]	640	1
COV	[641-641]	641	1
COV	[645-645]	645	1
COV	[646-646]	646	1
COV	[648-648]	648	1
COV	[650-650]	650	1
COV	[655-655]	655	2
COV	[658-658]	658	1
COV	[670-670]	670	1
COV	[673-673]	673	3
COV	[674-674]	674	1
COV	[675-675]	675	1
COV	[679-679]	679	1
COV	[680-680]	680	1
COV	[682-682]	682	1
COV	[686-686]	686	1
COV	[688-688]	688	1
COV	[692-692]	692	1
COV	[696-696]	696	1
COV	[698-698]	698	2
COV	[699-699]	699	1
COV	[700-700]	700	2
COV	[707-707]	707	1
COV	[710-710]	710	2
COV	[712-712]	712	1
COV	[721-721]	721	3
COV	[728-728]	728	1
COV	[732-732]	732	1
COV	[733-733]	733	1
COV	[734-734]	734	2
COV	[735-735]	735	4
COV	[738-738]	738	2
COV	[739-739]	739	9
COV	[755-755]	755	1
COV	[764-764]	764	1
COV	[798-798]	798	1
COV	[804-804]	804	1
COV	[805-805]	805	1
COV	[808-808]	808	1
COV	[809-809]	809	1
COV	[810-810]	810	1
COV	[815-815]	815	1
COV	[816-816]	816	2
COV	[818-818]	818	1
COV	[819-819]	819	2
COV	[823-823]	823	3
COV	[839-839]	839	1
COV	[840-840]	840	1
COV	[842-842]	842	1
COV	[844-844]	844	1
COV	[845-845]	845	1
COV	[852-852]	852	1
COV	[853-853]	853	4
COV	[855-855]	855	1
COV	[860-860]	860	1
COV	[863-863]	863	1
COV	[873-873]	873	1
COV	[881-881]	881	1
COV	[890-890]	890	1
COV	[894-894]	894	1
COV	[909-909]	909	1
COV	[916-916]	916	1
COV	[917-917]	917	2
COV	[918-918]	918	3
COV	[919-919]	919	1
COV	[920-920]	920	1
COV	[927-927]	927	2
COV	[930-930]	930	1
COV	[932-932]	932	1
COV	[933-933]	933	2
COV	[939-939]	939	1
COV	[948-948]	948	1
COV	[949-949]	949	1
COV	[953-953]	953	1
COV	[954-954]	954	1
COV	[955-955]	955	2
COV	[956-956]	956	7
COV	[957-957]	957	5
COV	[959-959]	959	1
COV	[964-964]	964	4
COV	[965-965]	965	2
COV	[967-967]	967	3
COV	[968-968]	968	1
COV	[969-969]	969	3
COV	[970-970]	970	3
COV	[971-971]	971	5
COV	[972-972]	972	8
COV	[973-973]	973	3
COV	[976-976]	976	1
COV	[982-982]	982	1
COV	[983-983]	983	1
COV	[985-985]	985	1
COV	[986-986]	986	2
COV	[988-988]	988	1
COV	[989-989]	989	1
COV	[996-996]	996	1
COV	[998-998]	998	1
COV	[1000<]	1000	362
# GC-depth. Use `grep ^GCD | cut -f 2-` to extract this part. The columns are: GC%, unique sequence percentiles, 10th, 25th, 50th, 75th and 90th depth percentile
GCD	0.0	0.006	0.000	0.000	0.000	0.000	0.000
GCD	0.7	0.009	0.013	0.013	0.013	0.013	0.013
GCD	12.0	0.011	0.007	0.007	0.007	0.007	0.007
GCD	19.0	0.017	0.007	0.007	0.010	0.013	0.013
GCD	20.0	0.020	0.020	0.020	0.020	0.020	0.020
GCD	21.0	0.023	0.013	0.013	0.013	0.013	0.013
GCD	22.0	0.026	0.020	0.020	0.020	0.020	0.020
GCD	23.0	0.040	0.007	0.007	0.013	0.017	0.020
GCD	24.0	0.060	0.007	0.007	0.027	0.040	0.067
GCD	25.0	0.077	0.007	0.012	0.013	0.025	0.040
GCD	26.0	0.108	0.020	0.027	0.027	0.040	0.181
GCD	27.0	0.157	0.007	0.013	0.027	0.047	0.073
GCD	28.0	0.242	0.013	0.013	0.030	0.062	0.226
GCD	29.0	0.354	0.013	0.013	0.027	0.060	0.213
GCD	30.0	0.525	0.013	0.022	0.040	0.115	0.409
GCD	31.0	0.827	0.013	0.033	0.070	0.141	0.412
GCD	32.0	1.294	0.020	0.033	0.093	0.238	0.618
GCD	33.0	2.250	0.027	0.067	0.186	0.452	0.849
GCD	34.0	4.020	0.047	0.120	0.279	0.565	0.861
GCD	35.0	7.804	0.073	0.193	0.392	0.638	0.879
GCD	36.0	14.860	0.130	0.279	0.492	0.685	0.944
GCD	37.0	26.222	0.173	0.339	0.532	0.718	0.958
GCD	38.0	41.335	0.206	0.372	0.565	0.732	0.964
GCD	39.0	57.724	0.219	0.379	0.572	0.725	0.951
GCD	40.0	72.498	0.199	0.366	0.559	0.712	0.904
GCD	41.0	83.464	0.186	0.346	0.532	0.685	0.851
GCD	42.0	90.449	0.146	0.304	0.499	0.658	0.844
GCD	43.0	94.329	0.106	0.253	0.446	0.638	0.831
GCD	44.0	96.658	0.060	0.180	0.359	0.592	0.811
GCD	45.0	97.862	0.040	0.120	0.299	0.527	0.809
GCD	46.0	98.495	0.029	0.080	0.213	0.459	0.751
GCD	47.0	98.937	0.027	0.053	0.160	0.379	0.650
GCD	48.0	99.179	0.024	0.040	0.106	0.226	0.462
GCD	49.0	99.370	0.025	0.040	0.086	0.213	0.527
GCD	50.0	99.487	0.013	0.027	0.053	0.140	0.573
GCD	51.0	99.609	0.013	0.027	0.053	0.239	0.924
GCD	52.0	99.684	0.025	0.033	0.063	0.110	3.936
GCD	53.0	99.755	0.013	0.020	0.040	0.113	0.880
GCD	54.0	99.803	0.007	0.013	0.027	0.076	16.021
GCD	55.0	99.832	0.020	0.025	0.050	0.070	35.284
GCD	56.0	99.875	0.011	0.020	0.053	0.086	3.212
GCD	57.0	99.903	0.007	0.012	0.027	0.057	0.078
GCD	58.0	99.917	0.013	0.017	0.027	0.057	0.086
GCD	59.0	99.932	0.013	0.027	0.047	0.103	0.133
GCD	60.0	99.937	0.020	0.020	0.023	0.027	0.027
GCD	61.0	99.952	0.013	0.013	0.027	0.033	0.040
GCD	62.0	99.963	0.013	0.013	0.013	0.143	0.186
GCD	63.0	99.971	0.013	0.013	0.033	0.093	0.093
GCD	65.0	99.986	0.007	0.010	0.013	0.030	0.040
GCD	66.0	99.994	0.013	0.013	0.013	0.027	0.027
GCD	67.0	99.997	0.113	0.113	0.113	0.113	0.113
GCD	68.0	100.000	0.013	0.013	0.013	0.013	0.013
