# This file was produced by samtools stats (1.17+htslib-1.17) and can be plotted using plot-bamstats
# This file contains statistics for all reads.
# The command line was:  stats -@ 4 ./ngm-align/VWG14-WGS_S87_ngmalign.bam
# CHK, Checksum	[2]Read Names	[3]Sequences	[4]Qualities
# CHK, CRC32 of reads which passed filtering followed by addition (32bit overflow)
CHK	3c0c657e	829f380b	b909505b
# Summary Numbers. Use `grep ^SN | cut -f 2-` to extract this part.
SN	raw total sequences:	1581702	# excluding supplementary and secondary reads
SN	filtered sequences:	0
SN	sequences:	1581702
SN	is sorted:	1
SN	1st fragments:	790851
SN	last fragments:	790851
SN	reads mapped:	1531654
SN	reads mapped and paired:	1514362	# paired-end technology bit set + both mates mapped
SN	reads unmapped:	50048
SN	reads properly paired:	1419274	# proper-pair bit set
SN	reads paired:	1581702	# paired-end technology bit set
SN	reads duplicated:	0	# PCR or optical duplicate bit set
SN	reads MQ0:	279011	# mapped and MQ=0
SN	reads QC failed:	0
SN	non-primary alignments:	0
SN	supplementary alignments:	0
SN	total length:	203847011	# ignores clipping
SN	total first fragment length:	102891728	# ignores clipping
SN	total last fragment length:	100955283	# ignores clipping
SN	bases mapped:	197567174	# ignores clipping
SN	bases mapped (cigar):	189603995	# more accurate
SN	bases trimmed:	0
SN	bases duplicated:	0
SN	mismatches:	10990750	# from NM fields
SN	error rate:	5.796687e-02	# mismatches / bases mapped (cigar)
SN	average length:	128
SN	average first fragment length:	130
SN	average last fragment length:	128
SN	maximum length:	151
SN	maximum first fragment length:	151
SN	maximum last fragment length:	151
SN	average quality:	34.1
SN	insert size average:	165.5
SN	insert size standard deviation:	69.0
SN	inward oriented pairs:	550515
SN	outward oriented pairs:	165176
SN	pairs with other orientation:	5591
SN	pairs on different chromosomes:	35899
SN	percentage of properly paired reads (%):	89.7
# First Fragment Qualities. Use `grep ^FFQ | cut -f 2-` to extract this part.
# Columns correspond to qualities and rows to cycles. First column is the cycle number.
FFQ	1	0	0	0	0	0	0	0	0	0	0	0	0	0	0	17317	0	0	0	0	0	0	8852	0	0	0	0	0	692	0	0	0	0	763990	0	0	0	0	0
FFQ	2	0	0	33	0	0	0	0	0	0	0	0	0	0	0	8595	0	0	0	0	0	0	5761	0	0	0	0	0	277	0	0	0	0	776185	0	0	0	0	0
FFQ	3	0	0	2	0	0	0	0	0	0	0	0	0	0	0	9278	0	0	0	0	0	0	4154	0	0	0	0	0	188	0	0	0	0	777229	0	0	0	0	0
FFQ	4	0	0	0	0	0	0	0	0	0	0	0	0	0	0	7049	0	0	0	0	0	0	3009	0	0	0	0	0	79	0	0	0	0	780714	0	0	0	0	0
FFQ	5	0	0	0	0	0	0	0	0	0	0	0	0	0	0	6325	0	0	0	0	0	0	3392	0	0	0	0	0	76	0	0	0	0	780836	0	0	0	222	0
FFQ	6	0	0	37	0	0	0	0	0	0	0	0	0	0	0	8339	0	0	0	0	0	0	6831	0	0	0	0	0	181	0	0	0	0	22264	0	0	0	753199	0
FFQ	7	0	0	0	0	0	0	0	0	0	0	0	0	0	0	8291	0	0	0	0	0	0	6134	0	0	0	0	0	151	0	0	0	0	23064	0	0	0	753211	0
FFQ	8	0	0	0	0	0	0	0	0	0	0	0	0	0	0	9111	0	0	0	0	0	0	6218	0	0	0	0	0	189	0	0	0	0	24429	0	0	0	750904	0
FFQ	9	0	0	0	0	0	0	0	0	0	0	0	0	0	0	7915	0	0	0	0	0	0	5232	0	0	0	0	0	92	0	0	0	0	22235	0	0	0	755377	0
FFQ	10	0	0	0	0	0	0	0	0	0	0	0	0	0	0	8534	0	0	0	0	0	0	5629	0	0	0	0	0	121	0	0	0	0	23054	0	0	0	753513	0
FFQ	11	0	0	0	0	0	0	0	0	0	0	0	0	0	0	8572	0	0	0	0	0	0	4654	0	0	0	0	0	60	0	0	0	0	22101	0	0	0	755464	0
FFQ	12	0	0	0	0	0	0	0	0	0	0	0	0	0	0	8004	0	0	0	0	0	0	5746	0	0	0	0	0	109	0	0	0	0	23212	0	0	0	753780	0
FFQ	13	0	0	0	0	0	0	0	0	0	0	0	0	0	0	8237	0	0	0	0	0	0	5290	0	0	0	0	0	63	0	0	0	0	22508	0	0	0	754753	0
FFQ	14	0	0	0	0	0	0	0	0	0	0	0	0	0	0	8304	0	0	0	0	0	0	5668	0	0	0	0	0	81	0	0	0	0	24358	0	0	0	752440	0
FFQ	15	0	0	0	0	0	0	0	0	0	0	0	0	0	0	8975	0	0	0	0	0	0	5492	0	0	0	0	0	120	0	0	0	0	24984	0	0	0	751280	0
FFQ	16	0	0	0	0	0	0	0	0	0	0	0	0	0	0	8844	0	0	0	0	0	0	5851	0	0	0	0	0	179	0	0	0	0	24490	0	0	0	751487	0
FFQ	17	0	0	0	0	0	0	0	0	0	0	0	0	0	0	8678	0	0	0	0	0	0	5853	0	0	0	0	0	229	0	0	0	0	24412	0	0	0	751679	0
FFQ	18	0	0	0	0	0	0	0	0	0	0	0	0	0	0	8711	0	0	0	0	0	0	5648	0	0	0	0	0	303	0	0	0	0	24418	0	0	0	751771	0
FFQ	19	0	0	0	0	0	0	0	0	0	0	0	0	0	0	8996	0	0	0	0	0	0	5520	0	0	0	0	0	348	0	0	0	0	24606	0	0	0	751381	0
FFQ	20	0	0	0	0	0	0	0	0	0	0	0	0	0	0	9301	0	0	0	0	0	0	5284	0	0	0	0	0	432	0	0	0	0	25614	0	0	0	750220	0
FFQ	21	0	0	0	0	0	0	0	0	0	0	0	0	0	0	9474	0	0	0	0	0	0	5453	0	0	0	0	0	479	0	0	0	0	25632	0	0	0	749813	0
FFQ	22	0	0	0	0	0	0	0	0	0	0	0	0	0	0	9672	0	0	0	0	0	0	5198	0	0	0	0	0	633	0	0	0	0	25813	0	0	0	749535	0
FFQ	23	0	0	0	0	0	0	0	0	0	0	0	0	0	0	9790	0	0	0	0	0	0	5245	0	0	0	0	0	665	0	0	0	0	26213	0	0	0	748938	0
FFQ	24	0	0	0	0	0	0	0	0	0	0	0	0	0	0	10110	0	0	0	0	0	0	5265	0	0	0	0	0	778	0	0	0	0	26464	0	0	0	748234	0
FFQ	25	0	0	0	0	0	0	0	0	0	0	0	0	0	0	10374	0	0	0	0	0	0	5269	0	0	0	0	0	938	0	0	0	0	26793	0	0	0	747477	0
FFQ	26	0	0	0	0	0	0	0	0	0	0	0	0	0	0	11325	0	0	0	0	0	0	5133	0	0	0	0	0	1193	0	0	0	0	26894	0	0	0	746306	0
FFQ	27	0	0	0	0	0	0	0	0	0	0	0	0	0	0	11487	0	0	0	0	0	0	5020	0	0	0	0	0	1378	0	0	0	0	27453	0	0	0	745513	0
FFQ	28	0	0	0	0	0	0	0	0	0	0	0	0	0	0	11846	0	0	0	0	0	0	4763	0	0	0	0	0	1615	0	0	0	0	27093	0	0	0	745534	0
FFQ	29	0	0	0	0	0	0	0	0	0	0	0	0	0	0	12168	0	0	0	0	0	0	4429	0	0	0	0	0	1780	0	0	0	0	27615	0	0	0	744859	0
FFQ	30	0	0	0	0	0	0	0	0	0	0	0	0	0	0	12479	0	0	0	0	0	0	4579	0	0	0	0	0	1833	0	0	0	0	27673	0	0	0	744287	0
FFQ	31	0	0	0	0	0	0	0	0	0	0	0	0	0	0	13010	0	0	0	0	0	0	4289	0	0	0	0	0	2031	0	0	0	0	27628	0	0	0	743893	0
FFQ	32	0	0	0	0	0	0	0	0	0	0	0	0	0	0	13267	0	0	0	0	0	0	4270	0	0	0	0	0	2169	0	0	0	0	27849	0	0	0	743296	0
FFQ	33	0	0	0	0	0	0	0	0	0	0	0	0	0	0	13606	0	0	0	0	0	0	4199	0	0	0	0	0	2341	0	0	0	0	28079	0	0	0	742626	0
FFQ	34	0	0	0	0	0	0	0	0	0	0	0	0	0	0	13702	0	0	0	0	0	0	3984	0	0	0	0	0	2440	0	0	0	0	27725	0	0	0	743000	0
FFQ	35	0	0	0	0	0	0	0	0	0	0	0	0	0	0	14340	0	0	0	0	0	0	3825	0	0	0	0	0	2698	0	0	0	0	27936	0	0	0	742052	0
FFQ	36	0	0	0	0	0	0	0	0	0	0	0	0	0	0	14676	0	0	0	0	0	0	3776	0	0	0	0	0	2699	0	0	0	0	28228	0	0	0	741472	0
FFQ	37	0	0	0	0	0	0	0	0	0	0	0	0	0	0	14872	0	0	0	0	0	0	3564	0	0	0	0	0	2812	0	0	0	0	28339	0	0	0	740740	0
FFQ	38	0	0	0	0	0	0	0	0	0	0	0	0	0	0	15138	0	0	0	0	0	0	3481	0	0	0	0	0	3035	0	0	0	0	28336	0	0	0	739734	0
FFQ	39	0	0	0	0	0	0	0	0	0	0	0	0	0	0	15655	0	0	0	0	0	0	3405	0	0	0	0	0	3004	0	0	0	0	28420	0	0	0	738549	0
FFQ	40	0	0	0	0	0	0	0	0	0	0	0	0	0	0	15974	0	0	0	0	0	0	3288	0	0	0	0	0	3110	0	0	0	0	28445	0	0	0	737446	0
FFQ	41	0	0	0	0	0	0	0	0	0	0	0	0	0	0	16031	0	0	0	0	0	0	3295	0	0	0	0	0	3114	0	0	0	0	28890	0	0	0	736103	0
FFQ	42	0	0	1	0	0	0	0	0	0	0	0	0	0	0	15943	0	0	0	0	0	0	3241	0	0	0	0	0	3182	0	0	0	0	28833	0	0	0	735404	0
FFQ	43	0	0	1	0	0	0	0	0	0	0	0	0	0	0	16235	0	0	0	0	0	0	3102	0	0	0	0	0	3183	0	0	0	0	28518	0	0	0	734566	0
FFQ	44	0	0	0	0	0	0	0	0	0	0	0	0	0	0	16366	0	0	0	0	0	0	3251	0	0	0	0	0	3335	0	0	0	0	28847	0	0	0	732780	0
FFQ	45	0	0	0	0	0	0	0	0	0	0	0	0	0	0	16544	0	0	0	0	0	0	3231	0	0	0	0	0	3339	0	0	0	0	28784	0	0	0	731520	0
FFQ	46	0	0	0	0	0	0	0	0	0	0	0	0	0	0	16744	0	0	0	0	0	0	3234	0	0	0	0	0	3394	0	0	0	0	28147	0	0	0	730646	0
FFQ	47	0	0	0	0	0	0	0	0	0	0	0	0	0	0	16839	0	0	0	0	0	0	3231	0	0	0	0	0	3650	0	0	0	0	28296	0	0	0	728874	0
FFQ	48	0	0	0	0	0	0	0	0	0	0	0	0	0	0	16870	0	0	0	0	0	0	3386	0	0	0	0	0	3755	0	0	0	0	28178	0	0	0	727313	0
FFQ	49	0	0	0	0	0	0	0	0	0	0	0	0	0	0	17338	0	0	0	0	0	0	3590	0	0	0	0	0	4180	0	0	0	0	27663	0	0	0	725333	0
FFQ	50	0	0	2	0	0	0	0	0	0	0	0	0	0	0	17037	0	0	0	0	0	0	3696	0	0	0	0	0	4208	0	0	0	0	27913	0	0	0	723761	0
FFQ	51	0	0	0	0	0	0	0	0	0	0	0	0	0	0	17514	0	0	0	0	0	0	3791	0	0	0	0	0	4610	0	0	0	0	27962	0	0	0	721160	0
FFQ	52	0	0	0	0	0	0	0	0	0	0	0	0	0	0	17552	0	0	0	0	0	0	3882	0	0	0	0	0	4725	0	0	0	0	27969	0	0	0	719300	0
FFQ	53	0	0	0	0	0	0	0	0	0	0	0	0	0	0	17526	0	0	0	0	0	0	4204	0	0	0	0	0	4974	0	0	0	0	28181	0	0	0	716877	0
FFQ	54	0	0	0	0	0	0	0	0	0	0	0	0	0	0	17757	0	0	0	0	0	0	4055	0	0	0	0	0	5300	0	0	0	0	28279	0	0	0	714634	0
FFQ	55	0	0	0	0	0	0	0	0	0	0	0	0	0	0	17769	0	0	0	0	0	0	4232	0	0	0	0	0	5715	0	0	0	0	28550	0	0	0	712020	0
FFQ	56	0	0	0	0	0	0	0	0	0	0	0	0	0	0	18286	0	0	0	0	0	0	4409	0	0	0	0	0	5791	0	0	0	0	28966	0	0	0	708880	0
FFQ	57	0	0	0	0	0	0	0	0	0	0	0	0	0	0	18353	0	0	0	0	0	0	4523	0	0	0	0	0	6187	0	0	0	0	29788	0	0	0	705417	0
FFQ	58	0	0	0	0	0	0	0	0	0	0	0	0	0	0	18168	0	0	0	0	0	0	4577	0	0	0	0	0	6480	0	0	0	0	30187	0	0	0	702715	0
FFQ	59	0	0	0	0	0	0	0	0	0	0	0	0	0	0	18550	0	0	0	0	0	0	4631	0	0	0	0	0	6801	0	0	0	0	31199	0	0	0	698718	0
FFQ	60	0	0	1	0	0	0	0	0	0	0	0	0	0	0	18609	0	0	0	0	0	0	4744	0	0	0	0	0	7166	0	0	0	0	32702	0	0	0	694442	0
FFQ	61	0	0	0	0	0	0	0	0	0	0	0	0	0	0	18750	0	0	0	0	0	0	4729	0	0	0	0	0	7551	0	0	0	0	34246	0	0	0	690146	0
FFQ	62	0	0	0	0	0	0	0	0	0	0	0	0	0	0	18952	0	0	0	0	0	0	4742	0	0	0	0	0	7814	0	0	0	0	35098	0	0	0	686493	0
FFQ	63	0	0	1	0	0	0	0	0	0	0	0	0	0	0	19176	0	0	0	0	0	0	4737	0	0	0	0	0	8268	0	0	0	0	37070	0	0	0	681432	0
FFQ	64	0	0	0	0	0	0	0	0	0	0	0	0	0	0	19170	0	0	0	0	0	0	4665	0	0	0	0	0	8364	0	0	0	0	37766	0	0	0	678292	0
FFQ	65	0	0	0	0	0	0	0	0	0	0	0	0	0	0	19608	0	0	0	0	0	0	4640	0	0	0	0	0	8784	0	0	0	0	39562	0	0	0	673211	0
FFQ	66	0	0	0	0	0	0	0	0	0	0	0	0	0	0	19469	0	0	0	0	0	0	4612	0	0	0	0	0	9293	0	0	0	0	41549	0	0	0	668320	0
FFQ	67	0	0	0	0	0	0	0	0	0	0	0	0	0	0	19599	0	0	0	0	0	0	4651	0	0	0	0	0	9596	0	0	0	0	43246	0	0	0	663502	0
FFQ	68	0	0	0	0	0	0	0	0	0	0	0	0	0	0	19562	0	0	0	0	0	0	4626	0	0	0	0	0	9787	0	0	0	0	44577	0	0	0	659327	0
FFQ	69	0	0	0	0	0	0	0	0	0	0	0	0	0	0	19524	0	0	0	0	0	0	4581	0	0	0	0	0	10330	0	0	0	0	45846	0	0	0	654913	0
FFQ	70	0	0	0	0	0	0	0	0	0	0	0	0	0	0	19700	0	0	0	0	0	0	4701	0	0	0	0	0	10680	0	0	0	0	47409	0	0	0	649859	0
FFQ	71	0	0	0	0	0	0	0	0	0	0	0	0	0	0	19926	0	0	0	0	0	0	4714	0	0	0	0	0	11316	0	0	0	0	48360	0	0	0	645250	0
FFQ	72	0	0	0	0	0	0	0	0	0	0	0	0	0	0	20086	0	0	0	0	0	0	4564	0	0	0	0	0	11840	0	0	0	0	49763	0	0	0	640462	0
FFQ	73	0	0	0	0	0	0	0	0	0	0	0	0	0	0	20205	0	0	0	0	0	0	4528	0	0	0	0	0	12596	0	0	0	0	50794	0	0	0	635685	0
FFQ	74	0	0	0	0	0	0	0	0	0	0	0	0	0	0	20042	0	0	0	0	0	0	4419	0	0	0	0	0	12952	0	0	0	0	51468	0	0	0	631963	0
FFQ	75	0	0	0	0	0	0	0	0	0	0	0	0	0	0	20121	0	0	0	0	0	0	4507	0	0	0	0	0	13430	0	0	0	0	52413	0	0	0	627301	0
FFQ	76	0	0	0	0	0	0	0	0	0	0	0	0	0	0	20341	0	0	0	0	0	0	4277	0	0	0	0	0	13507	0	0	0	0	52725	0	0	0	623841	0
FFQ	77	0	0	0	0	0	0	0	0	0	0	0	0	0	0	20452	0	0	0	0	0	0	4474	0	0	0	0	0	14054	0	0	0	0	52955	0	0	0	619632	0
FFQ	78	0	0	0	0	0	0	0	0	0	0	0	0	0	0	20377	0	0	0	0	0	0	4424	0	0	0	0	0	14366	0	0	0	0	53134	0	0	0	616241	0
FFQ	79	0	0	0	0	0	0	0	0	0	0	0	0	0	0	20620	0	0	0	0	0	0	4335	0	0	0	0	0	14810	0	0	0	0	53433	0	0	0	612226	0
FFQ	80	0	0	0	0	0	0	0	0	0	0	0	0	0	0	20869	0	0	0	0	0	0	4182	0	0	0	0	0	15073	0	0	0	0	54350	0	0	0	607773	0
FFQ	81	0	0	0	0	0	0	0	0	0	0	0	0	0	0	20808	0	0	0	0	0	0	4139	0	0	0	0	0	15226	0	0	0	0	54749	0	0	0	604162	0
FFQ	82	0	0	0	0	0	0	0	0	0	0	0	0	0	0	21119	0	0	0	0	0	0	4129	0	0	0	0	0	15167	0	0	0	0	54263	0	0	0	601301	0
FFQ	83	0	0	0	0	0	0	0	0	0	0	0	0	0	0	21359	0	0	0	0	0	0	4208	0	0	0	0	0	15519	0	0	0	0	54374	0	0	0	597280	0
FFQ	84	0	0	0	0	0	0	0	0	0	0	0	0	0	0	21453	0	0	0	0	0	0	4055	0	0	0	0	0	15627	0	0	0	0	54375	0	0	0	593957	0
FFQ	85	0	0	0	0	0	0	0	0	0	0	0	0	0	0	21508	0	0	0	0	0	0	4100	0	0	0	0	0	15653	0	0	0	0	54309	0	0	0	590668	0
FFQ	86	0	0	0	0	0	0	0	0	0	0	0	0	0	0	21879	0	0	0	0	0	0	4086	0	0	0	0	0	15899	0	0	0	0	54784	0	0	0	586418	0
FFQ	87	0	0	0	0	0	0	0	0	0	0	0	0	0	0	22114	0	0	0	0	0	0	4207	0	0	0	0	0	15743	0	0	0	0	54951	0	0	0	582755	0
FFQ	88	0	0	0	0	0	0	0	0	0	0	0	0	0	0	21945	0	0	0	0	0	0	4092	0	0	0	0	0	16033	0	0	0	0	55002	0	0	0	579220	0
FFQ	89	0	0	0	0	0	0	0	0	0	0	0	0	0	0	21792	0	0	0	0	0	0	4118	0	0	0	0	0	16381	0	0	0	0	55485	0	0	0	575045	0
FFQ	90	0	0	0	0	0	0	0	0	0	0	0	0	0	0	22150	0	0	0	0	0	0	4346	0	0	0	0	0	16012	0	0	0	0	55362	0	0	0	571610	0
FFQ	91	0	0	0	0	0	0	0	0	0	0	0	0	0	0	22197	0	0	0	0	0	0	4305	0	0	0	0	0	16281	0	0	0	0	55627	0	0	0	567680	0
FFQ	92	0	0	0	0	0	0	0	0	0	0	0	0	0	0	22465	0	0	0	0	0	0	4288	0	0	0	0	0	16879	0	0	0	0	56323	0	0	0	562763	0
FFQ	93	0	0	0	0	0	0	0	0	0	0	0	0	0	0	22778	0	0	0	0	0	0	4337	0	0	0	0	0	16860	0	0	0	0	56276	0	0	0	559114	0
FFQ	94	0	0	0	0	0	0	0	0	0	0	0	0	0	0	22704	0	0	0	0	0	0	4579	0	0	0	0	0	17156	0	0	0	0	57192	0	0	0	554313	0
FFQ	95	0	0	0	0	0	0	0	0	0	0	0	0	0	0	22518	0	0	0	0	0	0	4518	0	0	0	0	0	17250	0	0	0	0	57165	0	0	0	551137	0
FFQ	96	0	0	0	0	0	0	0	0	0	0	0	0	0	0	22991	0	0	0	0	0	0	4473	0	0	0	0	0	17591	0	0	0	0	57446	0	0	0	546487	0
FFQ	97	0	0	0	0	0	0	0	0	0	0	0	0	0	0	23216	0	0	0	0	0	0	4516	0	0	0	0	0	17799	0	0	0	0	58295	0	0	0	541574	0
FFQ	98	0	0	0	0	0	0	0	0	0	0	0	0	0	0	23184	0	0	0	0	0	0	4590	0	0	0	0	0	18189	0	0	0	0	58324	0	0	0	537691	0
FFQ	99	0	0	0	0	0	0	0	0	0	0	0	0	0	0	23606	0	0	0	0	0	0	4464	0	0	0	0	0	18634	0	0	0	0	59842	0	0	0	531901	0
FFQ	100	0	0	0	0	0	0	0	0	0	0	0	0	0	0	23107	0	0	0	0	0	0	4595	0	0	0	0	0	18862	0	0	0	0	59657	0	0	0	528711	0
FFQ	101	0	0	0	0	0	0	0	0	0	0	0	0	0	0	23295	0	0	0	0	0	0	4491	0	0	0	0	0	19520	0	0	0	0	60068	0	0	0	523993	0
FFQ	102	0	0	0	0	0	0	0	0	0	0	0	0	0	0	23182	0	0	0	0	0	0	4621	0	0	0	0	0	19847	0	0	0	0	61067	0	0	0	519086	0
FFQ	103	0	0	0	0	0	0	0	0	0	0	0	0	0	0	23536	0	0	0	0	0	0	4398	0	0	0	0	0	20282	0	0	0	0	61377	0	0	0	514637	0
FFQ	104	0	0	0	0	0	0	0	0	0	0	0	0	0	0	23772	0	0	0	0	0	0	4459	0	0	0	0	0	20663	0	0	0	0	62003	0	0	0	509739	0
FFQ	105	0	0	0	0	0	0	0	0	0	0	0	0	0	0	23896	0	0	0	0	0	0	4437	0	0	0	0	0	21258	0	0	0	0	62393	0	0	0	505145	0
FFQ	106	0	0	0	0	0	0	0	0	0	0	0	0	0	0	23673	0	0	0	0	0	0	4237	0	0	0	0	0	22255	0	0	0	0	63052	0	0	0	500364	0
FFQ	107	0	0	0	0	0	0	0	0	0	0	0	0	0	0	23837	0	0	0	0	0	0	4383	0	0	0	0	0	22345	0	0	0	0	64234	0	0	0	495225	0
FFQ	108	0	0	0	0	0	0	0	0	0	0	0	0	0	0	24054	0	0	0	0	0	0	4151	0	0	0	0	0	23834	0	0	0	0	66056	0	0	0	488404	0
FFQ	109	0	0	0	0	0	0	0	0	0	0	0	0	0	0	24277	0	0	0	0	0	0	4284	0	0	0	0	0	23571	0	0	0	0	66161	0	0	0	484671	0
FFQ	110	0	0	0	0	0	0	0	0	0	0	0	0	0	0	24592	0	0	0	0	0	0	4304	0	0	0	0	0	23815	0	0	0	0	67135	0	0	0	479345	0
FFQ	111	0	0	0	0	0	0	0	0	0	0	0	0	0	0	24762	0	0	0	0	0	0	4285	0	0	0	0	0	25173	0	0	0	0	69562	0	0	0	471743	0
FFQ	112	0	0	0	0	0	0	0	0	0	0	0	0	0	0	24965	0	0	0	0	0	0	4193	0	0	0	0	0	25878	0	0	0	0	70642	0	0	0	466119	0
FFQ	113	0	0	0	0	0	0	0	0	0	0	0	0	0	0	25205	0	0	0	0	0	0	4050	0	0	0	0	0	26673	0	0	0	0	72866	0	0	0	459367	0
FFQ	114	0	0	0	0	0	0	0	0	0	0	0	0	0	0	25279	0	0	0	0	0	0	3978	0	0	0	0	0	27302	0	0	0	0	72193	0	0	0	455795	0
FFQ	115	0	0	0	0	0	0	0	0	0	0	0	0	0	0	25418	0	0	0	0	0	0	4149	0	0	0	0	0	27884	0	0	0	0	75843	0	0	0	447508	0
FFQ	116	0	0	0	0	0	0	0	0	0	0	0	0	0	0	25665	0	0	0	0	0	0	4071	0	0	0	0	0	29282	0	0	0	0	76852	0	0	0	441194	0
FFQ	117	0	0	0	0	0	0	0	0	0	0	0	0	0	0	25801	0	0	0	0	0	0	3849	0	0	0	0	0	29216	0	0	0	0	77271	0	0	0	437231	0
FFQ	118	0	0	0	0	0	0	0	0	0	0	0	0	0	0	26011	0	0	0	0	0	0	3884	0	0	0	0	0	31228	0	0	0	0	80807	0	0	0	427652	0
FFQ	119	0	0	0	0	0	0	0	0	0	0	0	0	0	0	26246	0	0	0	0	0	0	4039	0	0	0	0	0	31892	0	0	0	0	82542	0	0	0	421022	0
FFQ	120	0	0	0	0	0	0	0	0	0	0	0	0	0	0	26342	0	0	0	0	0	0	4243	0	0	0	0	0	32995	0	0	0	0	86451	0	0	0	411855	0
FFQ	121	0	0	0	0	0	0	0	0	0	0	0	0	0	0	26435	0	0	0	0	0	0	4097	0	0	0	0	0	33106	0	0	0	0	86136	0	0	0	408325	0
FFQ	122	0	0	0	0	0	0	0	0	0	0	0	0	0	0	26732	0	0	0	0	0	0	4156	0	0	0	0	0	35091	0	0	0	0	89399	0	0	0	398961	0
FFQ	123	0	0	0	0	0	0	0	0	0	0	0	0	0	0	27076	0	0	0	0	0	0	4075	0	0	0	0	0	36205	0	0	0	0	91926	0	0	0	391265	0
FFQ	124	0	0	0	0	0	0	0	0	0	0	0	0	0	0	26741	0	0	0	0	0	0	4360	0	0	0	0	0	37148	0	0	0	0	94032	0	0	0	384383	0
FFQ	125	0	0	0	0	0	0	0	0	0	0	0	0	0	0	26556	0	0	0	0	0	0	4542	0	0	0	0	0	38491	0	0	0	0	97005	0	0	0	376387	0
FFQ	126	0	0	0	0	0	0	0	0	0	0	0	0	0	0	26848	0	0	0	0	0	0	4706	0	0	0	0	0	39107	0	0	0	0	100039	0	0	0	368455	0
FFQ	127	0	0	0	0	0	0	0	0	0	0	0	0	0	0	26862	0	0	0	0	0	0	5017	0	0	0	0	0	40714	0	0	0	0	103075	0	0	0	359748	0
FFQ	128	0	0	0	0	0	0	0	0	0	0	0	0	0	0	27182	0	0	0	0	0	0	5144	0	0	0	0	0	41325	0	0	0	0	104809	0	0	0	353057	0
FFQ	129	0	0	0	0	0	0	0	0	0	0	0	0	0	0	27051	0	0	0	0	0	0	5420	0	0	0	0	0	42784	0	0	0	0	109213	0	0	0	343225	0
FFQ	130	0	0	0	0	0	0	0	0	0	0	0	0	0	0	26932	0	0	0	0	0	0	5751	0	0	0	0	0	43863	0	0	0	0	111188	0	0	0	336100	0
FFQ	131	0	0	0	0	0	0	0	0	0	0	0	0	0	0	27167	0	0	0	0	0	0	6141	0	0	0	0	0	43980	0	0	0	0	114317	0	0	0	328441	0
FFQ	132	0	0	0	0	0	0	0	0	0	0	0	0	0	0	27361	0	0	0	0	0	0	6901	0	0	0	0	0	45555	0	0	0	0	118571	0	0	0	317893	0
FFQ	133	0	0	0	0	0	0	0	0	0	0	0	0	0	0	27237	0	0	0	0	0	0	7209	0	0	0	0	0	46460	0	0	0	0	121532	0	0	0	309934	0
FFQ	134	0	0	0	0	0	0	0	0	0	0	0	0	0	0	27880	0	0	0	0	0	0	7491	0	0	0	0	0	47240	0	0	0	0	124927	0	0	0	301008	0
FFQ	135	0	0	0	0	0	0	0	0	0	0	0	0	0	0	27969	0	0	0	0	0	0	7913	0	0	0	0	0	47685	0	0	0	0	126714	0	0	0	294747	0
FFQ	136	0	0	0	0	0	0	0	0	0	0	0	0	0	0	27959	0	0	0	0	0	0	8826	0	0	0	0	0	49084	0	0	0	0	132632	0	0	0	286164	0
FFQ	137	0	0	0	0	0	0	0	0	0	0	0	0	0	0	28361	0	0	0	0	0	0	8797	0	0	0	0	0	49521	0	0	0	0	133860	0	0	0	283709	0
FFQ	138	0	0	0	0	0	0	0	0	0	0	0	0	0	0	28393	0	0	0	0	0	0	9336	0	0	0	0	0	50359	0	0	0	0	135922	0	0	0	279851	0
FFQ	139	0	0	0	0	0	0	0	0	0	0	0	0	0	0	28286	0	0	0	0	0	0	10008	0	0	0	0	0	50913	0	0	0	0	139229	0	0	0	275053	0
FFQ	140	0	0	0	0	0	0	0	0	0	0	0	0	0	0	28809	0	0	0	0	0	0	10201	0	0	0	0	0	50905	0	0	0	0	141095	0	0	0	272098	0
FFQ	141	0	0	0	0	0	0	0	0	0	0	0	0	0	0	28789	0	0	0	0	0	0	10846	0	0	0	0	0	51437	0	0	0	0	145281	0	0	0	266349	0
FFQ	142	0	0	0	0	0	0	0	0	0	0	0	0	0	0	28865	0	0	0	0	0	0	11379	0	0	0	0	0	52061	0	0	0	0	148364	0	0	0	261642	0
FFQ	143	0	0	0	0	0	0	0	0	0	0	0	0	0	0	29083	0	0	0	0	0	0	11911	0	0	0	0	0	53310	0	0	0	0	150472	0	0	0	257168	0
FFQ	144	0	0	0	0	0	0	0	0	0	0	0	0	0	0	29721	0	0	0	0	0	0	11581	0	0	0	0	0	53211	0	0	0	0	151597	0	0	0	255441	0
FFQ	145	0	0	0	0	0	0	0	0	0	0	0	0	0	0	30115	0	0	0	0	0	0	12346	0	0	0	0	0	53282	0	0	0	0	152745	0	0	0	252683	0
FFQ	146	0	0	0	0	0	0	0	0	0	0	0	0	0	0	30192	0	0	0	0	0	0	12514	0	0	0	0	0	53939	0	0	0	0	154264	0	0	0	249862	0
FFQ	147	0	0	0	0	0	0	0	0	0	0	0	0	0	0	30249	0	0	0	0	0	0	12800	0	0	0	0	0	54253	0	0	0	0	155910	0	0	0	247184	0
FFQ	148	0	0	0	0	0	0	0	0	0	0	0	0	0	0	29895	0	0	0	0	0	0	13040	0	0	0	0	0	54162	0	0	0	0	156784	0	0	0	245971	0
FFQ	149	0	0	0	0	0	0	0	0	0	0	0	0	0	0	29047	0	0	0	0	0	0	13267	0	0	0	0	0	54541	0	0	0	0	157343	0	0	0	243896	0
FFQ	150	0	0	0	0	0	0	0	0	0	0	0	0	0	0	20994	0	0	0	0	0	0	13130	0	0	0	0	0	55092	0	0	0	0	157386	0	0	0	242605	0
FFQ	151	0	0	0	0	0	0	0	0	0	0	0	0	0	0	0	0	0	0	0	0	0	27820	0	0	0	0	0	97552	0	0	0	0	149868	0	0	0	107886	0
# Last Fragment Qualities. Use `grep ^LFQ | cut -f 2-` to extract this part.
# Columns correspond to qualities and rows to cycles. First column is the cycle number.
LFQ	1	0	0	0	0	0	0	0	0	0	0	0	0	0	0	15942	0	0	0	0	0	0	10290	0	0	0	0	0	521	0	0	0	0	764098	0	0	0	0	0
LFQ	2	0	0	1	0	0	0	0	0	0	0	0	0	0	0	23780	0	0	0	0	0	0	6110	0	0	0	0	0	315	0	0	0	0	760645	0	0	0	0	0
LFQ	3	0	0	0	0	0	0	0	0	0	0	0	0	0	0	25712	0	0	0	0	0	0	7563	0	0	0	0	0	438	0	0	0	0	757138	0	0	0	0	0
LFQ	4	0	0	0	0	0	0	0	0	0	0	0	0	0	0	22939	0	0	0	0	0	0	7679	0	0	0	0	0	732	0	0	0	0	759402	0	0	0	99	0
LFQ	5	0	0	0	0	0	0	0	0	0	0	0	0	0	0	23042	0	0	0	0	0	0	6565	0	0	0	0	0	1289	0	0	0	0	759323	0	0	0	632	0
LFQ	6	0	0	0	0	0	0	0	0	0	0	0	0	0	0	22253	0	0	0	0	0	0	7821	0	0	0	0	0	1259	0	0	0	0	34196	0	0	0	725322	0
LFQ	7	0	0	0	0	0	0	0	0	0	0	0	0	0	0	21756	0	0	0	0	0	0	7946	0	0	0	0	0	1634	0	0	0	0	35469	0	0	0	724046	0
LFQ	8	0	0	0	0	0	0	0	0	0	0	0	0	0	0	23636	0	0	0	0	0	0	7530	0	0	0	0	0	2330	0	0	0	0	36888	0	0	0	720467	0
LFQ	9	0	0	0	0	0	0	0	0	0	0	0	0	0	0	21651	0	0	0	0	0	0	7025	0	0	0	0	0	1822	0	0	0	0	36433	0	0	0	723920	0
LFQ	10	0	0	1	0	0	0	0	0	0	0	0	0	0	0	24904	0	0	0	0	0	0	5981	0	0	0	0	0	3174	0	0	0	0	39282	0	0	0	717509	0
LFQ	11	0	0	2	0	0	0	0	0	0	0	0	0	0	0	21760	0	0	0	0	0	0	6410	0	0	0	0	0	1659	0	0	0	0	35181	0	0	0	725839	0
LFQ	12	0	0	1	0	0	0	0	0	0	0	0	0	0	0	24198	0	0	0	0	0	0	6624	0	0	0	0	0	2975	0	0	0	0	39299	0	0	0	717754	0
LFQ	13	0	0	2	0	0	0	0	0	0	0	0	0	0	0	23578	0	0	0	0	0	0	6343	0	0	0	0	0	2421	0	0	0	0	37343	0	0	0	721164	0
LFQ	14	0	0	8	0	0	0	0	0	0	0	0	0	0	0	24653	0	0	0	0	0	0	6155	0	0	0	0	0	3020	0	0	0	0	39688	0	0	0	717327	0
LFQ	15	0	0	2	0	0	0	0	0	0	0	0	0	0	0	25854	0	0	0	0	0	0	5417	0	0	0	0	0	3420	0	0	0	0	38735	0	0	0	717423	0
LFQ	16	0	0	6	0	0	0	0	0	0	0	0	0	0	0	26501	0	0	0	0	0	0	5600	0	0	0	0	0	3677	0	0	0	0	37972	0	0	0	717095	0
LFQ	17	0	0	10	0	0	0	0	0	0	0	0	0	0	0	26272	0	0	0	0	0	0	5413	0	0	0	0	0	3963	0	0	0	0	37810	0	0	0	717383	0
LFQ	18	0	0	10	0	0	0	0	0	0	0	0	0	0	0	26768	0	0	0	0	0	0	5534	0	0	0	0	0	4336	0	0	0	0	38004	0	0	0	716199	0
LFQ	19	0	0	2	0	0	0	0	0	0	0	0	0	0	0	26971	0	0	0	0	0	0	5061	0	0	0	0	0	4713	0	0	0	0	38638	0	0	0	715466	0
LFQ	20	0	0	7	0	0	0	0	0	0	0	0	0	0	0	27371	0	0	0	0	0	0	4835	0	0	0	0	0	5117	0	0	0	0	38049	0	0	0	715472	0
LFQ	21	0	0	5	0	0	0	0	0	0	0	0	0	0	0	28105	0	0	0	0	0	0	4732	0	0	0	0	0	5306	0	0	0	0	38252	0	0	0	714451	0
LFQ	22	0	0	5	0	0	0	0	0	0	0	0	0	0	0	28351	0	0	0	0	0	0	4531	0	0	0	0	0	5397	0	0	0	0	38270	0	0	0	714297	0
LFQ	23	0	0	4	0	0	0	0	0	0	0	0	0	0	0	28644	0	0	0	0	0	0	4427	0	0	0	0	0	5781	0	0	0	0	38871	0	0	0	713124	0
LFQ	24	0	0	2	0	0	0	0	0	0	0	0	0	0	0	29102	0	0	0	0	0	0	4342	0	0	0	0	0	5805	0	0	0	0	38922	0	0	0	712678	0
LFQ	25	0	0	1	0	0	0	0	0	0	0	0	0	0	0	29271	0	0	0	0	0	0	4361	0	0	0	0	0	5905	0	0	0	0	38857	0	0	0	712456	0
LFQ	26	0	0	7	0	0	0	0	0	0	0	0	0	0	0	29736	0	0	0	0	0	0	4119	0	0	0	0	0	6062	0	0	0	0	39184	0	0	0	711743	0
LFQ	27	0	0	13	0	0	0	0	0	0	0	0	0	0	0	30473	0	0	0	0	0	0	4111	0	0	0	0	0	6255	0	0	0	0	39448	0	0	0	710551	0
LFQ	28	0	0	19	0	0	0	0	0	0	0	0	0	0	0	30591	0	0	0	0	0	0	4083	0	0	0	0	0	6387	0	0	0	0	39597	0	0	0	710174	0
LFQ	29	0	0	37	0	0	0	0	0	0	0	0	0	0	0	30753	0	0	0	0	0	0	4164	0	0	0	0	0	6727	0	0	0	0	39408	0	0	0	709762	0
LFQ	30	0	0	34	0	0	0	0	0	0	0	0	0	0	0	31737	0	0	0	0	0	0	4249	0	0	0	0	0	6739	0	0	0	0	39337	0	0	0	708755	0
LFQ	31	0	0	34	0	0	0	0	0	0	0	0	0	0	0	31980	0	0	0	0	0	0	4292	0	0	0	0	0	6812	0	0	0	0	39570	0	0	0	708163	0
LFQ	32	0	0	29	0	0	0	0	0	0	0	0	0	0	0	32019	0	0	0	0	0	0	4526	0	0	0	0	0	7225	0	0	0	0	40053	0	0	0	706999	0
LFQ	33	0	0	34	0	0	0	0	0	0	0	0	0	0	0	32288	0	0	0	0	0	0	4544	0	0	0	0	0	7826	0	0	0	0	39381	0	0	0	706778	0
LFQ	34	0	0	22	0	0	0	0	0	0	0	0	0	0	0	32379	0	0	0	0	0	0	4594	0	0	0	0	0	8185	0	0	0	0	39400	0	0	0	706271	0
LFQ	35	0	0	30	0	0	0	0	0	0	0	0	0	0	0	33346	0	0	0	0	0	0	5017	0	0	0	0	0	8605	0	0	0	0	39373	0	0	0	704480	0
LFQ	36	0	0	12	0	0	0	0	0	0	0	0	0	0	0	33291	0	0	0	0	0	0	5239	0	0	0	0	0	8993	0	0	0	0	39438	0	0	0	703878	0
LFQ	37	0	0	19	0	0	0	0	0	0	0	0	0	0	0	33491	0	0	0	0	0	0	5417	0	0	0	0	0	9173	0	0	0	0	39195	0	0	0	702631	0
LFQ	38	0	0	14	0	0	0	0	0	0	0	0	0	0	0	33287	0	0	0	0	0	0	5710	0	0	0	0	0	9953	0	0	0	0	39328	0	0	0	700657	0
LFQ	39	0	0	7	0	0	0	0	0	0	0	0	0	0	0	33596	0	0	0	0	0	0	6207	0	0	0	0	0	10295	0	0	0	0	39028	0	0	0	698708	0
LFQ	40	0	0	24	0	0	0	0	0	0	0	0	0	0	0	33656	0	0	0	0	0	0	6156	0	0	0	0	0	10920	0	0	0	0	39850	0	0	0	696049	0
LFQ	41	0	0	5	0	0	0	0	0	0	0	0	0	0	0	33554	0	0	0	0	0	0	6548	0	0	0	0	0	11353	0	0	0	0	40627	0	0	0	693349	0
LFQ	42	0	0	21	0	0	0	0	0	0	0	0	0	0	0	33911	0	0	0	0	0	0	6593	0	0	0	0	0	11898	0	0	0	0	40726	0	0	0	691053	0
LFQ	43	0	0	12	0	0	0	0	0	0	0	0	0	0	0	33871	0	0	0	0	0	0	6740	0	0	0	0	0	12250	0	0	0	0	42705	0	0	0	687228	0
LFQ	44	0	0	7	0	0	0	0	0	0	0	0	0	0	0	34238	0	0	0	0	0	0	6950	0	0	0	0	0	12719	0	0	0	0	44040	0	0	0	683489	0
LFQ	45	0	0	3	0	0	0	0	0	0	0	0	0	0	0	34101	0	0	0	0	0	0	6781	0	0	0	0	0	12881	0	0	0	0	45358	0	0	0	680834	0
LFQ	46	0	0	17	0	0	0	0	0	0	0	0	0	0	0	34140	0	0	0	0	0	0	6748	0	0	0	0	0	13638	0	0	0	0	46634	0	0	0	677221	0
LFQ	47	0	0	5	0	0	0	0	0	0	0	0	0	0	0	34492	0	0	0	0	0	0	7001	0	0	0	0	0	13830	0	0	0	0	48145	0	0	0	673302	0
LFQ	48	0	0	5	0	0	0	0	0	0	0	0	0	0	0	34546	0	0	0	0	0	0	6745	0	0	0	0	0	14287	0	0	0	0	49852	0	0	0	669668	0
LFQ	49	0	0	8	0	0	0	0	0	0	0	0	0	0	0	34396	0	0	0	0	0	0	6902	0	0	0	0	0	14551	0	0	0	0	51582	0	0	0	665965	0
LFQ	50	0	0	26	0	0	0	0	0	0	0	0	0	0	0	34621	0	0	0	0	0	0	6875	0	0	0	0	0	14995	0	0	0	0	53570	0	0	0	661512	0
LFQ	51	0	0	16	0	0	0	0	0	0	0	0	0	0	0	35047	0	0	0	0	0	0	6890	0	0	0	0	0	15836	0	0	0	0	55939	0	0	0	655992	0
LFQ	52	0	0	6	0	0	0	0	0	0	0	0	0	0	0	35094	0	0	0	0	0	0	6955	0	0	0	0	0	16668	0	0	0	0	57535	0	0	0	651510	0
LFQ	53	0	0	0	0	0	0	0	0	0	0	0	0	0	0	34687	0	0	0	0	0	0	6846	0	0	0	0	0	17172	0	0	0	0	58390	0	0	0	648700	0
LFQ	54	0	0	27	0	0	0	0	0	0	0	0	0	0	0	35283	0	0	0	0	0	0	6824	0	0	0	0	0	18005	0	0	0	0	59910	0	0	0	643642	0
LFQ	55	0	0	1	0	0	0	0	0	0	0	0	0	0	0	35218	0	0	0	0	0	0	6824	0	0	0	0	0	18692	0	0	0	0	61166	0	0	0	639690	0
LFQ	56	0	0	2	0	0	0	0	0	0	0	0	0	0	0	35264	0	0	0	0	0	0	6858	0	0	0	0	0	19099	0	0	0	0	61253	0	0	0	636909	0
LFQ	57	0	0	0	0	0	0	0	0	0	0	0	0	0	0	35360	0	0	0	0	0	0	6867	0	0	0	0	0	19691	0	0	0	0	62177	0	0	0	633000	0
LFQ	58	0	0	27	0	0	0	0	0	0	0	0	0	0	0	34844	0	0	0	0	0	0	7246	0	0	0	0	0	20505	0	0	0	0	63113	0	0	0	628951	0
LFQ	59	0	0	16	0	0	0	0	0	0	0	0	0	0	0	35451	0	0	0	0	0	0	7236	0	0	0	0	0	21062	0	0	0	0	63232	0	0	0	625128	0
LFQ	60	0	0	11	0	0	0	0	0	0	0	0	0	0	0	35125	0	0	0	0	0	0	7279	0	0	0	0	0	21159	0	0	0	0	63223	0	0	0	622825	0
LFQ	61	0	0	16	0	0	0	0	0	0	0	0	0	0	0	35417	0	0	0	0	0	0	6999	0	0	0	0	0	22188	0	0	0	0	63447	0	0	0	619051	0
LFQ	62	0	0	10	0	0	0	0	0	0	0	0	0	0	0	35473	0	0	0	0	0	0	7179	0	0	0	0	0	22619	0	0	0	0	63103	0	0	0	616111	0
LFQ	63	0	0	14	0	0	0	0	0	0	0	0	0	0	0	35546	0	0	0	0	0	0	7017	0	0	0	0	0	22894	0	0	0	0	63827	0	0	0	612521	0
LFQ	64	0	0	24	0	0	0	0	0	0	0	0	0	0	0	36027	0	0	0	0	0	0	7022	0	0	0	0	0	22875	0	0	0	0	63993	0	0	0	609161	0
LFQ	65	0	0	22	0	0	0	0	0	0	0	0	0	0	0	35846	0	0	0	0	0	0	6852	0	0	0	0	0	23492	0	0	0	0	64326	0	0	0	605804	0
LFQ	66	0	0	15	0	0	0	0	0	0	0	0	0	0	0	35965	0	0	0	0	0	0	6685	0	0	0	0	0	24276	0	0	0	0	64583	0	0	0	601942	0
LFQ	67	0	0	2	0	0	0	0	0	0	0	0	0	0	0	36026	0	0	0	0	0	0	6731	0	0	0	0	0	24528	0	0	0	0	63898	0	0	0	599335	0
LFQ	68	0	0	7	0	0	0	0	0	0	0	0	0	0	0	35954	0	0	0	0	0	0	6898	0	0	0	0	0	24884	0	0	0	0	63558	0	0	0	596241	0
LFQ	69	0	0	5	0	0	0	0	0	0	0	0	0	0	0	36416	0	0	0	0	0	0	6836	0	0	0	0	0	24913	0	0	0	0	63514	0	0	0	592854	0
LFQ	70	0	0	10	0	0	0	0	0	0	0	0	0	0	0	36112	0	0	0	0	0	0	6860	0	0	0	0	0	24959	0	0	0	0	63991	0	0	0	589478	0
LFQ	71	0	0	3	0	0	0	0	0	0	0	0	0	0	0	36265	0	0	0	0	0	0	6797	0	0	0	0	0	25377	0	0	0	0	64012	0	0	0	585887	0
LFQ	72	0	0	4	0	0	0	0	0	0	0	0	0	0	0	36605	0	0	0	0	0	0	6561	0	0	0	0	0	25474	0	0	0	0	63964	0	0	0	582647	0
LFQ	73	0	0	28	0	0	0	0	0	0	0	0	0	0	0	36388	0	0	0	0	0	0	6939	0	0	0	0	0	25634	0	0	0	0	64351	0	0	0	578685	0
LFQ	74	0	0	3	0	0	0	0	0	0	0	0	0	0	0	36674	0	0	0	0	0	0	6765	0	0	0	0	0	26100	0	0	0	0	64504	0	0	0	574778	0
LFQ	75	0	0	7	0	0	0	0	0	0	0	0	0	0	0	36313	0	0	0	0	0	0	6829	0	0	0	0	0	26062	0	0	0	0	64354	0	0	0	571957	0
LFQ	76	0	0	27	0	0	0	0	0	0	0	0	0	0	0	36723	0	0	0	0	0	0	7021	0	0	0	0	0	26707	0	0	0	0	64970	0	0	0	566755	0
LFQ	77	0	0	2	0	0	0	0	0	0	0	0	0	0	0	37367	0	0	0	0	0	0	7234	0	0	0	0	0	27056	0	0	0	0	65016	0	0	0	562218	0
LFQ	78	0	0	11	0	0	0	0	0	0	0	0	0	0	0	36799	0	0	0	0	0	0	7205	0	0	0	0	0	27638	0	0	0	0	64744	0	0	0	559171	0
LFQ	79	0	0	21	0	0	0	0	0	0	0	0	0	0	0	36828	0	0	0	0	0	0	7366	0	0	0	0	0	27832	0	0	0	0	65441	0	0	0	554659	0
LFQ	80	0	0	5	0	0	0	0	0	0	0	0	0	0	0	36893	0	0	0	0	0	0	7282	0	0	0	0	0	28146	0	0	0	0	65803	0	0	0	550616	0
LFQ	81	0	0	12	0	0	0	0	0	0	0	0	0	0	0	37128	0	0	0	0	0	0	7372	0	0	0	0	0	28317	0	0	0	0	66096	0	0	0	546411	0
LFQ	82	0	0	20	0	0	0	0	0	0	0	0	0	0	0	37026	0	0	0	0	0	0	7207	0	0	0	0	0	28587	0	0	0	0	67269	0	0	0	541806	0
LFQ	83	0	0	3	0	0	0	0	0	0	0	0	0	0	0	37353	0	0	0	0	0	0	7476	0	0	0	0	0	28977	0	0	0	0	67611	0	0	0	537003	0
LFQ	84	0	0	8	0	0	0	0	0	0	0	0	0	0	0	37081	0	0	0	0	0	0	7395	0	0	0	0	0	29566	0	0	0	0	67380	0	0	0	533520	0
LFQ	85	0	0	6	0	0	0	0	0	0	0	0	0	0	0	37131	0	0	0	0	0	0	7294	0	0	0	0	0	29244	0	0	0	0	67311	0	0	0	530563	0
LFQ	86	0	0	8	0	0	0	0	0	0	0	0	0	0	0	37417	0	0	0	0	0	0	7406	0	0	0	0	0	29874	0	0	0	0	67369	0	0	0	526071	0
LFQ	87	0	0	4	0	0	0	0	0	0	0	0	0	0	0	37206	0	0	0	0	0	0	7374	0	0	0	0	0	30707	0	0	0	0	67762	0	0	0	521507	0
LFQ	88	0	0	4	0	0	0	0	0	0	0	0	0	0	0	37257	0	0	0	0	0	0	7184	0	0	0	0	0	31167	0	0	0	0	68247	0	0	0	517043	0
LFQ	89	0	0	1	0	0	0	0	0	0	0	0	0	0	0	37548	0	0	0	0	0	0	7063	0	0	0	0	0	31577	0	0	0	0	68027	0	0	0	513004	0
LFQ	90	0	0	6	0	0	0	0	0	0	0	0	0	0	0	37209	0	0	0	0	0	0	7052	0	0	0	0	0	32110	0	0	0	0	68443	0	0	0	508901	0
LFQ	91	0	0	2	0	0	0	0	0	0	0	0	0	0	0	37547	0	0	0	0	0	0	6974	0	0	0	0	0	32853	0	0	0	0	69529	0	0	0	503164	0
LFQ	92	0	0	4	0	0	0	0	0	0	0	0	0	0	0	37865	0	0	0	0	0	0	7112	0	0	0	0	0	33666	0	0	0	0	69541	0	0	0	498190	0
LFQ	93	0	0	10	0	0	0	0	0	0	0	0	0	0	0	37997	0	0	0	0	0	0	6894	0	0	0	0	0	34062	0	0	0	0	69692	0	0	0	494129	0
LFQ	94	0	0	21	0	0	0	0	0	0	0	0	0	0	0	37952	0	0	0	0	0	0	6743	0	0	0	0	0	35036	0	0	0	0	70278	0	0	0	489135	0
LFQ	95	0	0	2	0	0	0	0	0	0	0	0	0	0	0	38282	0	0	0	0	0	0	6855	0	0	0	0	0	35925	0	0	0	0	71585	0	0	0	482759	0
LFQ	96	0	0	2	0	0	0	0	0	0	0	0	0	0	0	38188	0	0	0	0	0	0	6528	0	0	0	0	0	36720	0	0	0	0	72265	0	0	0	477852	0
LFQ	97	0	0	25	0	0	0	0	0	0	0	0	0	0	0	38621	0	0	0	0	0	0	6638	0	0	0	0	0	37416	0	0	0	0	72925	0	0	0	472076	0
LFQ	98	0	0	15	0	0	0	0	0	0	0	0	0	0	0	38256	0	0	0	0	0	0	6311	0	0	0	0	0	38554	0	0	0	0	74168	0	0	0	466705	0
LFQ	99	0	0	18	0	0	0	0	0	0	0	0	0	0	0	38578	0	0	0	0	0	0	6480	0	0	0	0	0	38993	0	0	0	0	75798	0	0	0	460316	0
LFQ	100	0	0	2	0	0	0	0	0	0	0	0	0	0	0	38684	0	0	0	0	0	0	6478	0	0	0	0	0	39369	0	0	0	0	77890	0	0	0	453933	0
LFQ	101	0	0	34	0	0	0	0	0	0	0	0	0	0	0	39259	0	0	0	0	0	0	6481	0	0	0	0	0	40269	0	0	0	0	78635	0	0	0	447771	0
LFQ	102	0	0	15	0	0	0	0	0	0	0	0	0	0	0	39301	0	0	0	0	0	0	6340	0	0	0	0	0	42181	0	0	0	0	81643	0	0	0	439062	0
LFQ	103	0	0	8	0	0	0	0	0	0	0	0	0	0	0	39203	0	0	0	0	0	0	6266	0	0	0	0	0	42328	0	0	0	0	82861	0	0	0	434021	0
LFQ	104	0	0	5	0	0	0	0	0	0	0	0	0	0	0	39670	0	0	0	0	0	0	6460	0	0	0	0	0	44215	0	0	0	0	85614	0	0	0	424859	0
LFQ	105	0	0	13	0	0	0	0	0	0	0	0	0	0	0	39496	0	0	0	0	0	0	6534	0	0	0	0	0	44846	0	0	0	0	86885	0	0	0	419193	0
LFQ	106	0	0	26	0	0	0	0	0	0	0	0	0	0	0	39642	0	0	0	0	0	0	6870	0	0	0	0	0	46131	0	0	0	0	91212	0	0	0	409270	0
LFQ	107	0	0	9	0	0	0	0	0	0	0	0	0	0	0	40020	0	0	0	0	0	0	6718	0	0	0	0	0	47705	0	0	0	0	93902	0	0	0	400945	0
LFQ	108	0	0	11	0	0	0	0	0	0	0	0	0	0	0	39936	0	0	0	0	0	0	6941	0	0	0	0	0	49270	0	0	0	0	96771	0	0	0	392537	0
LFQ	109	0	0	14	0	0	0	0	0	0	0	0	0	0	0	40113	0	0	0	0	0	0	7375	0	0	0	0	0	50330	0	0	0	0	100001	0	0	0	383790	0
LFQ	110	0	0	6	0	0	0	0	0	0	0	0	0	0	0	40210	0	0	0	0	0	0	7556	0	0	0	0	0	51966	0	0	0	0	102490	0	0	0	375448	0
LFQ	111	0	0	18	0	0	0	0	0	0	0	0	0	0	0	40426	0	0	0	0	0	0	8294	0	0	0	0	0	52052	0	0	0	0	104631	0	0	0	368312	0
LFQ	112	0	0	2	0	0	0	0	0	0	0	0	0	0	0	39897	0	0	0	0	0	0	9363	0	0	0	0	0	53290	0	0	0	0	112172	0	0	0	355056	0
LFQ	113	0	0	1	0	0	0	0	0	0	0	0	0	0	0	39821	0	0	0	0	0	0	9488	0	0	0	0	0	54367	0	0	0	0	114367	0	0	0	347926	0
LFQ	114	0	0	4	0	0	0	0	0	0	0	0	0	0	0	39976	0	0	0	0	0	0	9580	0	0	0	0	0	54470	0	0	0	0	115174	0	0	0	342905	0
LFQ	115	0	0	13	0	0	0	0	0	0	0	0	0	0	0	40387	0	0	0	0	0	0	10664	0	0	0	0	0	55418	0	0	0	0	120867	0	0	0	330805	0
LFQ	116	0	0	6	0	0	0	0	0	0	0	0	0	0	0	40323	0	0	0	0	0	0	10888	0	0	0	0	0	56668	0	0	0	0	122931	0	0	0	323377	0
LFQ	117	0	0	5	0	0	0	0	0	0	0	0	0	0	0	40427	0	0	0	0	0	0	11073	0	0	0	0	0	56261	0	0	0	0	123180	0	0	0	319361	0
LFQ	118	0	0	9	0	0	0	0	0	0	0	0	0	0	0	40365	0	0	0	0	0	0	12633	0	0	0	0	0	56516	0	0	0	0	130262	0	0	0	306490	0
LFQ	119	0	0	2	0	0	0	0	0	0	0	0	0	0	0	40424	0	0	0	0	0	0	12604	0	0	0	0	0	56429	0	0	0	0	130422	0	0	0	302412	0
LFQ	120	0	0	0	0	0	0	0	0	0	0	0	0	0	0	40455	0	0	0	0	0	0	13751	0	0	0	0	0	56837	0	0	0	0	135099	0	0	0	292132	0
LFQ	121	0	0	3	0	0	0	0	0	0	0	0	0	0	0	39963	0	0	0	0	0	0	14164	0	0	0	0	0	56472	0	0	0	0	136215	0	0	0	287517	0
LFQ	122	0	0	5	0	0	0	0	0	0	0	0	0	0	0	40077	0	0	0	0	0	0	14718	0	0	0	0	0	55976	0	0	0	0	138895	0	0	0	280626	0
LFQ	123	0	0	1	0	0	0	0	0	0	0	0	0	0	0	40178	0	0	0	0	0	0	15839	0	0	0	0	0	56078	0	0	0	0	141385	0	0	0	272805	0
LFQ	124	0	0	3	0	0	0	0	0	0	0	0	0	0	0	40169	0	0	0	0	0	0	15645	0	0	0	0	0	55807	0	0	0	0	140714	0	0	0	269934	0
LFQ	125	0	0	0	0	0	0	0	0	0	0	0	0	0	0	40316	0	0	0	0	0	0	16015	0	0	0	0	0	55678	0	0	0	0	142193	0	0	0	264227	0
LFQ	126	0	0	1	0	0	0	0	0	0	0	0	0	0	0	40533	0	0	0	0	0	0	16489	0	0	0	0	0	55533	0	0	0	0	142613	0	0	0	259233	0
LFQ	127	0	0	4	0	0	0	0	0	0	0	0	0	0	0	40287	0	0	0	0	0	0	16582	0	0	0	0	0	55708	0	0	0	0	142496	0	0	0	255377	0
LFQ	128	0	0	1	0	0	0	0	0	0	0	0	0	0	0	40230	0	0	0	0	0	0	16738	0	0	0	0	0	55598	0	0	0	0	143010	0	0	0	250916	0
LFQ	129	0	0	1	0	0	0	0	0	0	0	0	0	0	0	40199	0	0	0	0	0	0	17273	0	0	0	0	0	54821	0	0	0	0	142647	0	0	0	247562	0
LFQ	130	0	0	15	0	0	0	0	0	0	0	0	0	0	0	40676	0	0	0	0	0	0	17231	0	0	0	0	0	55155	0	0	0	0	142515	0	0	0	242945	0
LFQ	131	0	0	8	0	0	0	0	0	0	0	0	0	0	0	40173	0	0	0	0	0	0	17586	0	0	0	0	0	54620	0	0	0	0	142161	0	0	0	240054	0
LFQ	132	0	0	11	0	0	0	0	0	0	0	0	0	0	0	40379	0	0	0	0	0	0	17321	0	0	0	0	0	54258	0	0	0	0	140815	0	0	0	237934	0
LFQ	133	0	0	1	0	0	0	0	0	0	0	0	0	0	0	40174	0	0	0	0	0	0	17080	0	0	0	0	0	54266	0	0	0	0	140110	0	0	0	235185	0
LFQ	134	0	0	1	0	0	0	0	0	0	0	0	0	0	0	40781	0	0	0	0	0	0	17152	0	0	0	0	0	54151	0	0	0	0	138722	0	0	0	232123	0
LFQ	135	0	0	5	0	0	0	0	0	0	0	0	0	0	0	40918	0	0	0	0	0	0	17371	0	0	0	0	0	54223	0	0	0	0	138689	0	0	0	228393	0
LFQ	136	0	0	3	0	0	0	0	0	0	0	0	0	0	0	41255	0	0	0	0	0	0	17667	0	0	0	0	0	54221	0	0	0	0	138596	0	0	0	227149	0
LFQ	137	0	0	5	0	0	0	0	0	0	0	0	0	0	0	41096	0	0	0	0	0	0	17391	0	0	0	0	0	54504	0	0	0	0	138318	0	0	0	226920	0
LFQ	138	0	0	0	0	0	0	0	0	0	0	0	0	0	0	41767	0	0	0	0	0	0	17565	0	0	0	0	0	54806	0	0	0	0	138909	0	0	0	224513	0
LFQ	139	0	0	0	0	0	0	0	0	0	0	0	0	0	0	41307	0	0	0	0	0	0	17679	0	0	0	0	0	54506	0	0	0	0	139063	0	0	0	224316	0
LFQ	140	0	0	0	0	0	0	0	0	0	0	0	0	0	0	41645	0	0	0	0	0	0	17519	0	0	0	0	0	54329	0	0	0	0	137719	0	0	0	224935	0
LFQ	141	0	0	0	0	0	0	0	0	0	0	0	0	0	0	42007	0	0	0	0	0	0	17469	0	0	0	0	0	53928	0	0	0	0	137635	0	0	0	224387	0
LFQ	142	0	0	0	0	0	0	0	0	0	0	0	0	0	0	41611	0	0	0	0	0	0	17775	0	0	0	0	0	54307	0	0	0	0	137187	0	0	0	223892	0
LFQ	143	0	0	1	0	0	0	0	0	0	0	0	0	0	0	42212	0	0	0	0	0	0	17326	0	0	0	0	0	54136	0	0	0	0	136760	0	0	0	223635	0
LFQ	144	0	0	2	0	0	0	0	0	0	0	0	0	0	0	42258	0	0	0	0	0	0	17396	0	0	0	0	0	54112	0	0	0	0	136365	0	0	0	223265	0
LFQ	145	0	0	1	0	0	0	0	0	0	0	0	0	0	0	42879	0	0	0	0	0	0	17723	0	0	0	0	0	54478	0	0	0	0	136914	0	0	0	220683	0
LFQ	146	0	0	1	0	0	0	0	0	0	0	0	0	0	0	42911	0	0	0	0	0	0	17870	0	0	0	0	0	54800	0	0	0	0	136612	0	0	0	219756	0
LFQ	147	0	0	1	0	0	0	0	0	0	0	0	0	0	0	42970	0	0	0	0	0	0	17911	0	0	0	0	0	54960	0	0	0	0	136765	0	0	0	218656	0
LFQ	148	0	0	0	0	0	0	0	0	0	0	0	0	0	0	42349	0	0	0	0	0	0	17619	0	0	0	0	0	54862	0	0	0	0	137100	0	0	0	218295	0
LFQ	149	0	0	0	0	0	0	0	0	0	0	0	0	0	0	40885	0	0	0	0	0	0	18071	0	0	0	0	0	55972	0	0	0	0	136960	0	0	0	215000	0
LFQ	150	0	0	0	0	0	0	0	0	0	0	0	0	0	0	27565	0	0	0	0	0	0	18216	0	0	0	0	0	55580	0	0	0	0	135944	0	0	0	215216	0
LFQ	151	0	0	0	0	0	0	0	0	0	0	0	0	0	0	0	0	0	0	0	0	0	40174	0	0	0	0	0	98426	0	0	0	0	124932	0	0	0	61601	0
# GC Content of first fragments. Use `grep ^GCF | cut -f 2-` to extract this part.
GCF	0.75	1
GCF	1.76	2
GCF	2.26	5
GCF	3.52	4
GCF	4.77	2
GCF	5.28	4
GCF	5.78	5
GCF	6.28	4
GCF	6.78	8
GCF	7.29	17
GCF	7.79	15
GCF	8.29	12
GCF	8.79	18
GCF	9.30	15
GCF	9.80	24
GCF	10.30	33
GCF	10.80	37
GCF	11.31	54
GCF	11.81	51
GCF	12.31	61
GCF	12.81	77
GCF	13.32	102
GCF	13.82	133
GCF	14.32	158
GCF	14.82	172
GCF	15.33	204
GCF	15.83	244
GCF	16.33	270
GCF	16.83	296
GCF	17.34	380
GCF	17.84	501
GCF	18.34	598
GCF	18.84	649
GCF	19.35	786
GCF	19.85	978
GCF	20.35	1248
GCF	20.85	1366
GCF	21.36	1622
GCF	21.86	1948
GCF	22.36	2383
GCF	22.86	2529
GCF	23.37	2982
GCF	23.87	3588
GCF	24.37	4288
GCF	24.87	4555
GCF	25.38	5318
GCF	25.88	6170
GCF	26.38	6872
GCF	26.88	7159
GCF	27.39	8265
GCF	27.89	9565
GCF	28.39	10656
GCF	28.89	11622
GCF	29.40	12358
GCF	29.90	14182
GCF	30.40	15222
GCF	30.90	16946
GCF	31.41	17678
GCF	31.91	19638
GCF	32.41	20845
GCF	32.91	22968
GCF	33.42	23962
GCF	33.92	25645
GCF	34.42	27394
GCF	34.92	28726
GCF	35.43	29617
GCF	35.93	31358
GCF	36.43	33128
GCF	36.93	33884
GCF	37.44	34452
GCF	37.94	34997
GCF	38.44	35526
GCF	38.94	35522
GCF	39.45	35719
GCF	39.95	35281
GCF	40.45	34721
GCF	40.95	33831
GCF	41.46	33555
GCF	41.96	32342
GCF	42.46	31184
GCF	42.96	29942
GCF	43.47	28380
GCF	43.97	27558
GCF	44.47	25839
GCF	44.97	24268
GCF	45.48	22346
GCF	45.98	21512
GCF	46.48	19964
GCF	46.98	18797
GCF	47.49	17391
GCF	47.99	16546
GCF	48.49	15382
GCF	48.99	14063
GCF	49.50	12964
GCF	50.00	12600
GCF	50.50	11850
GCF	51.01	11107
GCF	51.51	10282
GCF	52.01	9747
GCF	52.51	8870
GCF	53.02	8370
GCF	53.52	7799
GCF	54.02	7396
GCF	54.52	6674
GCF	55.03	6297
GCF	55.53	5922
GCF	56.03	5724
GCF	56.53	5328
GCF	57.04	4949
GCF	57.54	4600
GCF	58.04	4319
GCF	58.54	3975
GCF	59.05	3694
GCF	59.55	3357
GCF	60.05	3157
GCF	60.55	2950
GCF	61.06	2889
GCF	61.56	2631
GCF	62.06	2450
GCF	62.56	2309
GCF	63.07	2174
GCF	63.57	2002
GCF	64.07	1908
GCF	64.57	1797
GCF	65.08	1645
GCF	65.58	1545
GCF	66.08	1464
GCF	66.58	1367
GCF	67.09	1234
GCF	67.59	1109
GCF	68.09	1033
GCF	68.59	974
GCF	69.10	901
GCF	69.60	806
GCF	70.10	735
GCF	70.60	719
GCF	71.11	686
GCF	71.61	630
GCF	72.11	586
GCF	72.61	526
GCF	73.12	449
GCF	73.62	391
GCF	74.12	364
GCF	74.62	341
GCF	75.13	297
GCF	75.63	260
GCF	76.13	257
GCF	76.63	253
GCF	77.14	243
GCF	77.64	210
GCF	78.14	191
GCF	78.64	153
GCF	79.15	147
GCF	79.65	142
GCF	80.15	122
GCF	80.65	113
GCF	81.16	93
GCF	81.66	77
GCF	82.16	71
GCF	82.66	59
GCF	83.17	57
GCF	83.67	51
GCF	84.17	58
GCF	84.67	46
GCF	85.18	41
GCF	85.68	35
GCF	86.18	25
GCF	86.68	21
GCF	87.19	18
GCF	87.69	19
GCF	88.19	16
GCF	88.69	15
GCF	89.20	12
GCF	89.70	13
GCF	90.45	10
GCF	91.21	8
GCF	91.71	4
GCF	92.21	2
GCF	92.71	5
GCF	93.47	7
GCF	94.22	2
GCF	94.72	1
GCF	95.23	4
GCF	95.73	5
GCF	96.48	3
GCF	97.24	6
GCF	97.74	5
GCF	98.24	1
GCF	98.74	0
GCF	99.50	3
# GC Content of last fragments. Use `grep ^GCL | cut -f 2-` to extract this part.
GCL	0.50	4
GCL	1.51	3
GCL	2.51	5
GCL	3.27	4
GCL	4.02	6
GCL	5.03	9
GCL	5.78	10
GCL	6.28	16
GCL	7.04	18
GCL	7.79	23
GCL	8.29	32
GCL	8.79	39
GCL	9.30	48
GCL	9.80	70
GCL	10.30	79
GCL	10.80	82
GCL	11.31	84
GCL	11.81	106
GCL	12.31	111
GCL	12.81	130
GCL	13.32	174
GCL	13.82	223
GCL	14.32	247
GCL	14.82	284
GCL	15.33	321
GCL	15.83	366
GCL	16.33	399
GCL	16.83	454
GCL	17.34	517
GCL	17.84	631
GCL	18.34	776
GCL	18.84	846
GCL	19.35	994
GCL	19.85	1239
GCL	20.35	1467
GCL	20.85	1630
GCL	21.36	2016
GCL	21.86	2328
GCL	22.36	2701
GCL	22.86	2976
GCL	23.37	3608
GCL	23.87	4119
GCL	24.37	4659
GCL	24.87	5004
GCL	25.38	5745
GCL	25.88	6712
GCL	26.38	7416
GCL	26.88	7883
GCL	27.39	9010
GCL	27.89	10199
GCL	28.39	11391
GCL	28.89	12626
GCL	29.40	13494
GCL	29.90	14747
GCL	30.40	16235
GCL	30.90	17645
GCL	31.41	18405
GCL	31.91	20218
GCL	32.41	21793
GCL	32.91	23626
GCL	33.42	24695
GCL	33.92	26590
GCL	34.42	28075
GCL	34.92	29532
GCL	35.43	30647
GCL	35.93	32070
GCL	36.43	33458
GCL	36.93	34661
GCL	37.44	35088
GCL	37.94	35284
GCL	38.44	36267
GCL	38.94	36296
GCL	39.45	36279
GCL	39.95	35809
GCL	40.45	35294
GCL	40.95	34408
GCL	41.46	34239
GCL	41.96	33051
GCL	42.46	31662
GCL	42.96	30464
GCL	43.47	28811
GCL	43.97	27822
GCL	44.47	26166
GCL	44.97	24808
GCL	45.48	22997
GCL	45.98	22036
GCL	46.48	20472
GCL	46.98	19470
GCL	47.49	17904
GCL	47.99	16976
GCL	48.49	15550
GCL	48.99	14454
GCL	49.50	13371
GCL	50.00	12900
GCL	50.50	12016
GCL	51.01	11183
GCL	51.51	10380
GCL	52.01	9956
GCL	52.51	9036
GCL	53.02	8489
GCL	53.52	7946
GCL	54.02	7482
GCL	54.52	6827
GCL	55.03	6385
GCL	55.53	6157
GCL	56.03	5858
GCL	56.53	5365
GCL	57.04	5031
GCL	57.54	4659
GCL	58.04	4388
GCL	58.54	4012
GCL	59.05	3734
GCL	59.55	3475
GCL	60.05	3294
GCL	60.55	3065
GCL	61.06	2919
GCL	61.56	2710
GCL	62.06	2512
GCL	62.56	2356
GCL	63.07	2213
GCL	63.57	2057
GCL	64.07	1965
GCL	64.57	1890
GCL	65.08	1703
GCL	65.58	1563
GCL	66.08	1461
GCL	66.58	1345
GCL	67.09	1239
GCL	67.59	1102
GCL	68.09	1056
GCL	68.59	984
GCL	69.10	896
GCL	69.60	839
GCL	70.10	802
GCL	70.60	729
GCL	71.11	668
GCL	71.61	621
GCL	72.11	588
GCL	72.61	517
GCL	73.12	444
GCL	73.62	405
GCL	74.12	386
GCL	74.62	344
GCL	75.13	315
GCL	75.63	294
GCL	76.13	260
GCL	76.63	244
GCL	77.14	237
GCL	77.64	189
GCL	78.14	184
GCL	78.64	156
GCL	79.15	136
GCL	79.65	124
GCL	80.15	117
GCL	80.65	104
GCL	81.16	103
GCL	81.66	99
GCL	82.16	82
GCL	82.66	64
GCL	83.17	58
GCL	83.67	46
GCL	84.17	41
GCL	84.92	27
GCL	85.68	24
GCL	86.18	22
GCL	86.68	21
GCL	87.19	19
GCL	87.69	18
GCL	88.19	20
GCL	88.69	15
GCL	89.20	12
GCL	89.70	9
GCL	90.20	5
GCL	90.70	2
GCL	91.21	1
GCL	91.71	0
GCL	92.21	2
GCL	93.22	1
GCL	94.97	2
GCL	96.23	3
GCL	96.73	2
GCL	97.24	3
GCL	97.74	7
GCL	98.24	11
GCL	98.74	13
GCL	99.50	20
# ACGT content per cycle. Use `grep ^GCC | cut -f 2-` to extract this part. The columns are: cycle; A,C,G,T base counts as a percentage of all A/C/G/T bases [%]; and N and O counts as a percentage of all A/C/G/T bases [%]
GCC	1	18.51	31.39	31.92	18.18	0.00	0.00
GCC	2	31.29	18.51	18.43	31.77	0.00	0.00
GCC	3	31.50	18.54	18.46	31.50	0.00	0.00
GCC	4	31.57	18.24	17.90	32.28	0.00	0.00
GCC	5	34.71	15.30	14.97	35.03	0.00	0.00
GCC	6	31.34	18.78	18.97	30.92	0.00	0.00
GCC	7	30.39	19.55	19.78	30.28	0.00	0.00
GCC	8	30.51	19.58	19.64	30.26	0.00	0.00
GCC	9	24.39	25.58	25.54	24.49	0.00	0.00
GCC	10	31.33	18.74	18.51	31.42	0.00	0.00
GCC	11	28.40	21.40	21.75	28.45	0.00	0.00
GCC	12	30.26	19.64	19.69	30.41	0.00	0.00
GCC	13	27.87	21.87	22.18	28.08	0.00	0.00
GCC	14	27.64	22.39	22.18	27.80	0.00	0.00
GCC	15	29.16	20.91	20.96	28.98	0.00	0.00
GCC	16	30.28	19.79	19.78	30.16	0.00	0.00
GCC	17	30.49	19.49	19.55	30.47	0.00	0.00
GCC	18	30.57	19.47	19.38	30.58	0.00	0.00
GCC	19	30.24	19.80	19.81	30.16	0.00	0.00
GCC	20	30.14	19.87	19.86	30.13	0.00	0.00
GCC	21	30.12	19.89	19.91	30.08	0.00	0.00
GCC	22	30.08	19.85	20.04	30.04	0.00	0.00
GCC	23	30.03	19.96	19.86	30.15	0.00	0.00
GCC	24	30.17	19.79	19.81	30.24	0.00	0.00
GCC	25	30.11	19.90	19.96	30.03	0.00	0.00
GCC	26	30.30	19.80	19.86	30.05	0.00	0.00
GCC	27	30.22	19.74	19.83	30.21	0.00	0.00
GCC	28	30.12	19.86	19.88	30.15	0.00	0.00
GCC	29	30.13	19.87	19.89	30.11	0.00	0.00
GCC	30	30.30	19.75	19.85	30.10	0.00	0.00
GCC	31	30.10	19.93	19.92	30.05	0.00	0.00
GCC	32	30.07	19.84	19.97	30.12	0.00	0.00
GCC	33	30.21	19.78	19.86	30.14	0.00	0.00
GCC	34	30.21	19.84	19.87	30.08	0.00	0.00
GCC	35	30.22	19.83	19.84	30.11	0.00	0.00
GCC	36	30.34	19.71	19.80	30.16	0.00	0.00
GCC	37	30.27	19.75	19.82	30.16	0.00	0.00
GCC	38	30.25	19.71	19.84	30.20	0.00	0.00
GCC	39	30.17	19.77	19.91	30.16	0.00	0.00
GCC	40	30.27	19.75	19.78	30.20	0.00	0.00
GCC	41	30.29	19.77	19.77	30.18	0.00	0.00
GCC	42	30.35	19.66	19.73	30.25	0.00	0.00
GCC	43	30.26	19.75	19.85	30.14	0.00	0.00
GCC	44	30.37	19.73	19.75	30.14	0.00	0.00
GCC	45	30.29	19.63	19.81	30.27	0.00	0.00
GCC	46	30.34	19.68	19.76	30.22	0.00	0.00
GCC	47	30.31	19.70	19.82	30.17	0.00	0.00
GCC	48	30.43	19.57	19.64	30.36	0.00	0.00
GCC	49	30.28	19.62	19.77	30.34	0.00	0.00
GCC	50	30.29	19.62	19.70	30.39	0.00	0.00
GCC	51	30.49	19.59	19.58	30.34	0.00	0.00
GCC	52	30.39	19.67	19.74	30.20	0.00	0.00
GCC	53	30.36	19.62	19.65	30.37	0.00	0.00
GCC	54	30.47	19.48	19.58	30.46	0.00	0.00
GCC	55	30.35	19.60	19.66	30.40	0.00	0.00
GCC	56	30.36	19.58	19.61	30.45	0.00	0.00
GCC	57	30.49	19.49	19.58	30.44	0.00	0.00
GCC	58	30.38	19.61	19.68	30.33	0.00	0.00
GCC	59	30.46	19.54	19.60	30.40	0.00	0.00
GCC	60	30.45	19.54	19.54	30.47	0.00	0.00
GCC	61	30.48	19.48	19.67	30.37	0.00	0.00
GCC	62	30.48	19.53	19.58	30.40	0.00	0.00
GCC	63	30.57	19.48	19.48	30.47	0.00	0.00
GCC	64	30.53	19.48	19.54	30.45	0.00	0.00
GCC	65	30.52	19.45	19.54	30.49	0.00	0.00
GCC	66	30.66	19.36	19.45	30.53	0.00	0.00
GCC	67	30.42	19.47	19.55	30.55	0.00	0.00
GCC	68	30.48	19.52	19.49	30.51	0.00	0.00
GCC	69	30.56	19.43	19.56	30.45	0.00	0.00
GCC	70	30.48	19.46	19.59	30.48	0.00	0.00
GCC	71	30.52	19.47	19.55	30.46	0.00	0.00
GCC	72	30.66	19.35	19.43	30.56	0.00	0.00
GCC	73	30.57	19.52	19.44	30.46	0.00	0.00
GCC	74	30.56	19.49	19.36	30.58	0.00	0.00
GCC	75	30.65	19.26	19.46	30.63	0.00	0.00
GCC	76	30.56	19.38	19.33	30.72	0.00	0.00
GCC	77	30.69	19.35	19.41	30.54	0.00	0.00
GCC	78	30.69	19.24	19.39	30.68	0.00	0.00
GCC	79	30.68	19.32	19.39	30.60	0.00	0.00
GCC	80	30.65	19.36	19.51	30.48	0.00	0.00
GCC	81	30.75	19.27	19.33	30.65	0.00	0.00
GCC	82	30.62	19.33	19.41	30.63	0.00	0.00
GCC	83	30.59	19.37	19.46	30.58	0.00	0.00
GCC	84	30.69	19.30	19.35	30.66	0.00	0.00
GCC	85	30.75	19.34	19.36	30.56	0.00	0.00
GCC	86	30.73	19.29	19.36	30.61	0.00	0.00
GCC	87	30.80	19.19	19.26	30.74	0.00	0.00
GCC	88	30.73	19.27	19.34	30.65	0.00	0.00
GCC	89	30.68	19.29	19.29	30.75	0.00	0.00
GCC	90	30.75	19.16	19.24	30.85	0.00	0.00
GCC	91	30.80	19.23	19.31	30.66	0.00	0.00
GCC	92	30.82	19.24	19.37	30.57	0.00	0.00
GCC	93	30.79	19.20	19.29	30.72	0.00	0.00
GCC	94	30.78	19.18	19.33	30.71	0.00	0.00
GCC	95	30.77	19.17	19.25	30.80	0.00	0.00
GCC	96	30.79	19.11	19.28	30.81	0.00	0.00
GCC	97	30.79	19.14	19.25	30.82	0.00	0.00
GCC	98	30.82	19.19	19.30	30.70	0.00	0.00
GCC	99	30.90	19.14	19.16	30.80	0.00	0.00
GCC	100	30.70	19.22	19.29	30.80	0.00	0.00
GCC	101	30.80	19.22	19.29	30.69	0.00	0.00
GCC	102	30.86	19.12	19.20	30.82	0.00	0.00
GCC	103	30.76	19.26	19.29	30.69	0.00	0.00
GCC	104	30.89	19.15	19.17	30.79	0.00	0.00
GCC	105	30.89	19.06	19.24	30.81	0.00	0.00
GCC	106	30.82	19.13	19.22	30.83	0.00	0.00
GCC	107	30.89	19.12	19.18	30.81	0.00	0.00
GCC	108	30.99	19.01	19.13	30.87	0.00	0.00
GCC	109	30.85	19.18	19.17	30.80	0.00	0.00
GCC	110	30.88	19.11	19.16	30.84	0.00	0.00
GCC	111	30.89	19.04	19.17	30.91	0.00	0.00
GCC	112	30.85	19.16	19.20	30.78	0.00	0.00
GCC	113	30.92	19.08	19.15	30.85	0.00	0.00
GCC	114	30.95	19.04	19.11	30.90	0.00	0.00
GCC	115	30.82	19.13	19.21	30.84	0.00	0.00
GCC	116	30.96	19.14	19.07	30.84	0.00	0.00
GCC	117	31.02	18.95	19.10	30.93	0.00	0.00
GCC	118	31.00	19.02	19.13	30.86	0.00	0.00
GCC	119	30.97	19.11	19.12	30.80	0.00	0.00
GCC	120	30.91	19.02	19.09	30.98	0.00	0.00
GCC	121	30.88	19.11	19.18	30.83	0.00	0.00
GCC	122	30.87	19.05	19.09	30.99	0.00	0.00
GCC	123	30.97	19.00	19.05	30.98	0.00	0.00
GCC	124	31.05	18.99	19.08	30.88	0.00	0.00
GCC	125	31.01	19.02	19.01	30.97	0.00	0.00
GCC	126	30.97	18.97	19.11	30.95	0.00	0.00
GCC	127	30.99	19.01	19.07	30.93	0.00	0.00
GCC	128	30.99	18.98	19.04	30.98	0.00	0.00
GCC	129	30.99	18.99	19.10	30.93	0.00	0.00
GCC	130	31.07	18.98	19.03	30.92	0.00	0.00
GCC	131	30.95	19.14	19.06	30.85	0.00	0.00
GCC	132	30.99	18.90	19.06	31.05	0.00	0.00
GCC	133	31.01	18.99	19.06	30.94	0.00	0.00
GCC	134	31.02	18.91	19.05	31.03	0.00	0.00
GCC	135	31.07	18.97	19.10	30.87	0.00	0.00
GCC	136	30.79	19.20	19.26	30.75	0.00	0.00
GCC	137	30.93	19.08	19.03	30.97	0.00	0.00
GCC	138	30.79	19.22	19.31	30.68	0.00	0.00
GCC	139	30.88	19.10	19.23	30.79	0.00	0.00
GCC	140	30.63	19.34	19.46	30.57	0.00	0.00
GCC	141	30.77	19.16	19.34	30.73	0.00	0.00
GCC	142	30.51	19.45	19.49	30.55	0.00	0.00
GCC	143	30.68	19.27	19.36	30.70	0.00	0.00
GCC	144	30.79	19.11	19.12	30.98	0.00	0.00
GCC	145	30.92	19.02	19.10	30.96	0.00	0.00
GCC	146	30.95	18.94	18.89	31.23	0.00	0.00
GCC	147	31.16	18.84	18.76	31.24	0.00	0.00
GCC	148	30.98	19.07	18.96	31.00	0.00	0.00
GCC	149	31.00	18.88	18.88	31.25	0.00	0.00
GCC	150	30.90	19.05	19.05	31.00	0.00	0.00
GCC	151	31.00	18.95	18.80	31.25	0.00	0.00
# ACGT content per cycle, read oriented. Use `grep ^GCT | cut -f 2-` to extract this part. The columns are: cycle; A,C,G,T base counts as a percentage of all A/C/G/T bases [%]
GCT	1	25.08	25.12	38.20	11.60
GCT	2	24.75	21.26	15.68	38.31
GCT	3	29.83	21.46	15.54	33.17
GCT	4	20.10	24.43	11.72	43.76
GCT	5	27.86	20.60	9.66	41.88
GCT	6	35.78	16.40	21.35	26.47
GCT	7	31.35	18.07	21.25	29.32
GCT	8	33.57	18.80	20.43	27.20
GCT	9	21.20	29.62	21.50	27.68
GCT	10	27.74	21.38	15.88	35.01
GCT	11	27.03	17.45	25.70	29.82
GCT	12	27.70	19.77	19.57	32.97
GCT	13	25.68	21.27	22.78	30.27
GCT	14	25.34	25.28	19.28	30.10
GCT	15	31.05	21.45	20.41	27.08
GCT	16	31.99	19.90	19.66	28.44
GCT	17	30.76	19.68	19.36	30.20
GCT	18	30.19	19.70	19.14	30.96
GCT	19	29.85	19.83	19.77	30.55
GCT	20	29.71	20.14	19.59	30.56
GCT	21	29.78	20.05	19.75	30.42
GCT	22	29.70	19.93	19.95	30.42
GCT	23	29.80	20.08	19.74	30.38
GCT	24	29.97	19.95	19.65	30.44
GCT	25	29.87	20.03	19.82	30.27
GCT	26	30.12	19.97	19.69	30.22
GCT	27	30.16	19.81	19.75	30.27
GCT	28	30.06	19.95	19.79	30.21
GCT	29	29.94	20.09	19.67	30.30
GCT	30	30.06	19.88	19.72	30.34
GCT	31	30.00	20.03	19.82	30.15
GCT	32	29.95	19.99	19.82	30.24
GCT	33	30.01	19.93	19.71	30.35
GCT	34	29.88	19.95	19.76	30.41
GCT	35	30.01	20.06	19.61	30.31
GCT	36	30.29	19.84	19.67	30.20
GCT	37	30.28	19.83	19.74	30.15
GCT	38	30.20	19.89	19.66	30.25
GCT	39	30.05	19.91	19.76	30.27
GCT	40	30.08	19.88	19.65	30.39
GCT	41	30.05	19.85	19.68	30.41
GCT	42	30.24	19.76	19.64	30.36
GCT	43	30.11	19.82	19.78	30.29
GCT	44	30.26	19.92	19.57	30.26
GCT	45	30.20	19.77	19.67	30.36
GCT	46	30.26	19.78	19.66	30.29
GCT	47	30.23	19.85	19.67	30.25
GCT	48	30.46	19.66	19.56	30.33
GCT	49	30.22	19.66	19.73	30.39
GCT	50	30.31	19.74	19.59	30.36
GCT	51	30.35	19.63	19.55	30.48
GCT	52	30.29	19.77	19.64	30.30
GCT	53	30.29	19.73	19.55	30.44
GCT	54	30.41	19.56	19.50	30.52
GCT	55	30.37	19.64	19.62	30.38
GCT	56	30.39	19.61	19.57	30.43
GCT	57	30.53	19.55	19.53	30.40
GCT	58	30.38	19.59	19.70	30.33
GCT	59	30.51	19.55	19.59	30.35
GCT	60	30.48	19.53	19.55	30.44
GCT	61	30.46	19.51	19.64	30.39
GCT	62	30.41	19.69	19.43	30.47
GCT	63	30.57	19.54	19.41	30.48
GCT	64	30.51	19.47	19.56	30.47
GCT	65	30.42	19.60	19.39	30.59
GCT	66	30.65	19.32	19.49	30.54
GCT	67	30.52	19.49	19.53	30.45
GCT	68	30.54	19.55	19.46	30.45
GCT	69	30.59	19.42	19.57	30.42
GCT	70	30.53	19.39	19.65	30.43
GCT	71	30.61	19.48	19.53	30.38
GCT	72	30.77	19.37	19.41	30.45
GCT	73	30.54	19.49	19.47	30.49
GCT	74	30.67	19.39	19.46	30.48
GCT	75	30.77	19.35	19.37	30.51
GCT	76	30.76	19.29	19.42	30.53
GCT	77	30.75	19.35	19.41	30.49
GCT	78	30.83	19.25	19.37	30.54
GCT	79	30.70	19.31	19.41	30.59
GCT	80	30.72	19.41	19.47	30.41
GCT	81	30.80	19.24	19.37	30.59
GCT	82	30.80	19.26	19.48	30.46
GCT	83	30.69	19.34	19.49	30.48
GCT	84	30.79	19.27	19.38	30.56
GCT	85	30.75	19.27	19.43	30.55
GCT	86	30.79	19.33	19.32	30.55
GCT	87	30.95	19.21	19.24	30.59
GCT	88	30.83	19.21	19.41	30.55
GCT	89	30.87	19.27	19.31	30.56
GCT	90	30.98	19.09	19.32	30.61
GCT	91	30.80	19.20	19.35	30.66
GCT	92	30.87	19.17	19.44	30.52
GCT	93	30.99	19.20	19.29	30.52
GCT	94	30.82	19.17	19.34	30.67
GCT	95	30.91	19.23	19.19	30.67
GCT	96	30.89	19.09	19.30	30.71
GCT	97	30.97	19.08	19.31	30.64
GCT	98	30.96	19.15	19.34	30.55
GCT	99	31.11	19.10	19.20	30.59
GCT	100	30.91	19.05	19.46	30.58
GCT	101	30.83	19.15	19.36	30.66
GCT	102	31.04	19.09	19.24	30.63
GCT	103	30.89	19.13	19.42	30.55
GCT	104	31.13	19.15	19.17	30.55
GCT	105	31.11	19.03	19.28	30.59
GCT	106	30.99	19.07	19.28	30.66
GCT	107	31.08	19.05	19.26	30.62
GCT	108	31.20	18.97	19.17	30.66
GCT	109	31.03	19.04	19.32	30.62
GCT	110	31.14	19.08	19.19	30.58
GCT	111	31.05	19.00	19.20	30.75
GCT	112	30.95	19.10	19.27	30.68
GCT	113	31.16	19.06	19.18	30.61
GCT	114	31.18	18.91	19.24	30.67
GCT	115	31.09	19.05	19.29	30.57
GCT	116	31.13	18.97	19.24	30.67
GCT	117	31.20	18.86	19.19	30.75
GCT	118	31.11	18.93	19.21	30.74
GCT	119	31.11	18.97	19.26	30.67
GCT	120	31.21	18.96	19.16	30.68
GCT	121	31.20	19.02	19.27	30.52
GCT	122	31.25	18.97	19.17	30.61
GCT	123	31.28	18.84	19.21	30.67
GCT	124	31.20	18.88	19.19	30.73
GCT	125	31.23	18.89	19.14	30.75
GCT	126	31.27	18.90	19.18	30.65
GCT	127	31.26	18.80	19.28	30.66
GCT	128	31.25	18.91	19.11	30.73
GCT	129	31.25	18.88	19.20	30.66
GCT	130	31.24	18.80	19.21	30.74
GCT	131	31.18	19.05	19.15	30.62
GCT	132	31.29	18.80	19.16	30.75
GCT	133	31.18	18.77	19.28	30.77
GCT	134	31.28	18.84	19.11	30.77
GCT	135	31.23	18.93	19.14	30.70
GCT	136	31.04	19.34	19.12	30.50
GCT	137	30.84	19.23	18.87	31.06
GCT	138	30.58	19.10	19.43	30.89
GCT	139	30.47	19.02	19.31	31.20
GCT	140	30.17	19.63	19.17	31.03
GCT	141	29.99	19.39	19.11	31.51
GCT	142	29.72	20.04	18.90	31.34
GCT	143	29.56	19.88	18.74	31.82
GCT	144	29.56	19.67	18.56	32.21
GCT	145	29.74	19.61	18.51	32.15
GCT	146	29.70	19.53	18.30	32.47
GCT	147	30.09	19.49	18.11	32.31
GCT	148	29.95	19.85	18.18	32.03
GCT	149	30.36	19.88	17.88	31.89
GCT	150	30.01	20.28	17.82	31.89
GCT	151	28.32	20.67	17.08	33.93
# ACGT content per cycle for first fragments. Use `grep ^FBC | cut -f 2-` to extract this part. The columns are: cycle; A,C,G,T base counts as a percentage of all A/C/G/T bases [%]; and N and O counts as a percentage of all A/C/G/T bases [%]
FBC	1	18.45	31.43	31.85	18.27	0.00	0.00
FBC	2	31.31	18.56	18.44	31.69	0.00	0.00
FBC	3	31.54	18.44	18.40	31.62	0.00	0.00
FBC	4	31.67	18.14	17.90	32.30	0.00	0.00
FBC	5	34.62	15.38	15.07	34.94	0.00	0.00
FBC	6	31.29	18.89	18.95	30.88	0.00	0.00
FBC	7	30.38	19.63	19.73	30.26	0.00	0.00
FBC	8	30.41	19.66	19.63	30.30	0.00	0.00
FBC	9	24.44	25.57	25.56	24.43	0.00	0.00
FBC	10	31.24	18.79	18.58	31.39	0.00	0.00
FBC	11	28.37	21.47	21.80	28.37	0.00	0.00
FBC	12	30.30	19.73	19.66	30.31	0.00	0.00
FBC	13	27.86	21.93	22.20	28.00	0.00	0.00
FBC	14	27.70	22.40	22.13	27.77	0.00	0.00
FBC	15	29.12	20.95	20.92	29.01	0.00	0.00
FBC	16	30.25	19.85	19.79	30.11	0.00	0.00
FBC	17	30.44	19.52	19.57	30.47	0.00	0.00
FBC	18	30.59	19.51	19.32	30.58	0.00	0.00
FBC	19	30.21	19.86	19.83	30.10	0.00	0.00
FBC	20	30.13	19.90	19.88	30.09	0.00	0.00
FBC	21	30.14	19.91	19.92	30.03	0.00	0.00
FBC	22	30.15	19.81	19.98	30.05	0.00	0.00
FBC	23	30.02	20.03	19.82	30.13	0.00	0.00
FBC	24	30.15	19.74	19.83	30.27	0.00	0.00
FBC	25	30.11	19.91	19.95	30.03	0.00	0.00
FBC	26	30.25	19.83	19.88	30.05	0.00	0.00
FBC	27	30.19	19.78	19.84	30.19	0.00	0.00
FBC	28	30.12	19.86	19.87	30.15	0.00	0.00
FBC	29	30.13	19.85	19.90	30.12	0.00	0.00
FBC	30	30.28	19.80	19.82	30.09	0.00	0.00
FBC	31	30.05	19.95	19.91	30.09	0.00	0.00
FBC	32	30.13	19.87	19.93	30.08	0.00	0.00
FBC	33	30.15	19.77	19.99	30.09	0.00	0.00
FBC	34	30.18	19.87	19.84	30.11	0.00	0.00
FBC	35	30.27	19.83	19.82	30.08	0.00	0.00
FBC	36	30.30	19.69	19.90	30.11	0.00	0.00
FBC	37	30.24	19.83	19.78	30.15	0.00	0.00
FBC	38	30.24	19.72	19.85	30.19	0.00	0.00
FBC	39	30.05	19.83	20.00	30.12	0.00	0.00
FBC	40	30.23	19.77	19.83	30.17	0.00	0.00
FBC	41	30.23	19.73	19.86	30.17	0.00	0.00
FBC	42	30.29	19.75	19.71	30.24	0.00	0.00
FBC	43	30.17	19.77	19.92	30.14	0.00	0.00
FBC	44	30.40	19.74	19.78	30.09	0.00	0.00
FBC	45	30.24	19.66	19.80	30.29	0.00	0.00
FBC	46	30.35	19.74	19.71	30.21	0.00	0.00
FBC	47	30.31	19.70	19.82	30.17	0.00	0.00
FBC	48	30.38	19.61	19.64	30.38	0.00	0.00
FBC	49	30.29	19.66	19.70	30.35	0.00	0.00
FBC	50	30.27	19.59	19.69	30.45	0.00	0.00
FBC	51	30.46	19.64	19.56	30.33	0.00	0.00
FBC	52	30.36	19.67	19.77	30.19	0.00	0.00
FBC	53	30.43	19.63	19.65	30.28	0.00	0.00
FBC	54	30.41	19.52	19.54	30.53	0.00	0.00
FBC	55	30.26	19.68	19.61	30.45	0.00	0.00
FBC	56	30.35	19.63	19.62	30.40	0.00	0.00
FBC	57	30.41	19.50	19.61	30.47	0.00	0.00
FBC	58	30.40	19.58	19.67	30.35	0.00	0.00
FBC	59	30.47	19.62	19.61	30.29	0.00	0.00
FBC	60	30.37	19.60	19.52	30.51	0.00	0.00
FBC	61	30.52	19.50	19.60	30.38	0.00	0.00
FBC	62	30.43	19.51	19.66	30.40	0.00	0.00
FBC	63	30.50	19.47	19.46	30.58	0.00	0.00
FBC	64	30.56	19.51	19.46	30.46	0.00	0.00
FBC	65	30.54	19.50	19.49	30.48	0.00	0.00
FBC	66	30.68	19.38	19.40	30.54	0.00	0.00
FBC	67	30.42	19.47	19.54	30.57	0.00	0.00
FBC	68	30.46	19.53	19.54	30.47	0.00	0.00
FBC	69	30.57	19.45	19.59	30.39	0.00	0.00
FBC	70	30.52	19.52	19.58	30.39	0.00	0.00
FBC	71	30.58	19.46	19.56	30.40	0.00	0.00
FBC	72	30.62	19.37	19.40	30.61	0.00	0.00
FBC	73	30.47	19.55	19.47	30.52	0.00	0.00
FBC	74	30.56	19.52	19.35	30.56	0.00	0.00
FBC	75	30.65	19.19	19.46	30.69	0.00	0.00
FBC	76	30.53	19.39	19.29	30.79	0.00	0.00
FBC	77	30.73	19.37	19.42	30.47	0.00	0.00
FBC	78	30.67	19.28	19.41	30.64	0.00	0.00
FBC	79	30.67	19.27	19.38	30.68	0.00	0.00
FBC	80	30.59	19.40	19.49	30.52	0.00	0.00
FBC	81	30.68	19.35	19.30	30.67	0.00	0.00
FBC	82	30.56	19.42	19.41	30.61	0.00	0.00
FBC	83	30.56	19.41	19.46	30.57	0.00	0.00
FBC	84	30.66	19.36	19.36	30.62	0.00	0.00
FBC	85	30.80	19.35	19.33	30.52	0.00	0.00
FBC	86	30.76	19.32	19.33	30.59	0.00	0.00
FBC	87	30.82	19.20	19.20	30.79	0.00	0.00
FBC	88	30.75	19.25	19.33	30.67	0.00	0.00
FBC	89	30.73	19.28	19.26	30.72	0.00	0.00
FBC	90	30.80	19.19	19.24	30.77	0.00	0.00
FBC	91	30.85	19.21	19.28	30.66	0.00	0.00
FBC	92	30.85	19.28	19.37	30.51	0.00	0.00
FBC	93	30.75	19.18	19.35	30.72	0.00	0.00
FBC	94	30.77	19.12	19.36	30.75	0.00	0.00
FBC	95	30.86	19.15	19.27	30.72	0.00	0.00
FBC	96	30.74	19.22	19.29	30.76	0.00	0.00
FBC	97	30.76	19.14	19.18	30.92	0.00	0.00
FBC	98	30.74	19.20	19.32	30.74	0.00	0.00
FBC	99	30.89	19.16	19.20	30.74	0.00	0.00
FBC	100	30.71	19.27	19.31	30.72	0.00	0.00
FBC	101	30.68	19.25	19.36	30.71	0.00	0.00
FBC	102	30.85	19.17	19.12	30.87	0.00	0.00
FBC	103	30.71	19.30	19.28	30.71	0.00	0.00
FBC	104	30.88	19.22	19.16	30.74	0.00	0.00
FBC	105	30.90	19.02	19.23	30.85	0.00	0.00
FBC	106	30.79	19.15	19.20	30.86	0.00	0.00
FBC	107	30.86	19.18	19.14	30.82	0.00	0.00
FBC	108	30.94	18.98	19.16	30.92	0.00	0.00
FBC	109	30.92	19.22	19.10	30.76	0.00	0.00
FBC	110	30.92	19.05	19.17	30.87	0.00	0.00
FBC	111	30.87	19.04	19.15	30.94	0.00	0.00
FBC	112	30.81	19.20	19.22	30.77	0.00	0.00
FBC	113	30.87	19.06	19.16	30.91	0.00	0.00
FBC	114	30.94	19.12	19.07	30.87	0.00	0.00
FBC	115	30.77	19.14	19.20	30.89	0.00	0.00
FBC	116	30.96	19.19	19.07	30.77	0.00	0.00
FBC	117	31.05	18.93	19.04	30.97	0.00	0.00
FBC	118	30.93	19.05	19.17	30.85	0.00	0.00
FBC	119	30.98	19.16	19.08	30.78	0.00	0.00
FBC	120	30.95	19.02	19.09	30.94	0.00	0.00
FBC	121	30.92	19.11	19.11	30.86	0.00	0.00
FBC	122	30.85	19.10	19.03	31.02	0.00	0.00
FBC	123	31.03	18.99	19.02	30.96	0.00	0.00
FBC	124	31.04	18.99	19.06	30.90	0.00	0.00
FBC	125	31.04	19.08	18.98	30.90	0.00	0.00
FBC	126	30.97	18.94	19.10	30.99	0.00	0.00
FBC	127	31.09	18.98	19.01	30.92	0.00	0.00
FBC	128	30.99	19.04	19.03	30.95	0.00	0.00
FBC	129	30.97	18.96	19.10	30.98	0.00	0.00
FBC	130	31.09	18.92	19.01	30.97	0.00	0.00
FBC	131	31.02	19.12	18.98	30.88	0.00	0.00
FBC	132	30.91	18.88	19.14	31.07	0.00	0.00
FBC	133	30.97	19.04	19.06	30.93	0.00	0.00
FBC	134	31.02	18.86	19.05	31.08	0.00	0.00
FBC	135	31.02	19.00	19.12	30.86	0.00	0.00
FBC	136	30.79	19.29	19.21	30.70	0.00	0.00
FBC	137	30.97	19.09	19.01	30.93	0.00	0.00
FBC	138	30.79	19.23	19.35	30.63	0.00	0.00
FBC	139	30.86	19.13	19.17	30.84	0.00	0.00
FBC	140	30.64	19.32	19.47	30.56	0.00	0.00
FBC	141	30.75	19.15	19.39	30.71	0.00	0.00
FBC	142	30.49	19.43	19.46	30.61	0.00	0.00
FBC	143	30.65	19.30	19.33	30.72	0.00	0.00
FBC	144	30.84	19.10	19.09	30.97	0.00	0.00
FBC	145	30.98	19.04	18.98	31.00	0.00	0.00
FBC	146	30.97	18.95	18.85	31.22	0.00	0.00
FBC	147	31.07	18.84	18.78	31.30	0.00	0.00
FBC	148	31.00	19.07	18.90	31.03	0.00	0.00
FBC	149	31.08	18.85	18.85	31.23	0.00	0.00
FBC	150	30.87	19.13	19.01	31.00	0.00	0.00
FBC	151	30.95	18.98	18.90	31.17	0.00	0.00
# ACGT raw counters for first fragments. Use `grep ^FTC | cut -f 2-` to extract this part. The columns are: A,C,G,T,N base counters
FTC	31304406	20138327	20170639	31278278	78
# ACGT content per cycle for last fragments. Use `grep ^LBC | cut -f 2-` to extract this part. The columns are: cycle; A,C,G,T base counts as a percentage of all A/C/G/T bases [%]; and N and O counts as a percentage of all A/C/G/T bases [%]
LBC	1	18.56	31.35	31.99	18.09	0.00	0.00
LBC	2	31.27	18.47	18.41	31.85	0.00	0.00
LBC	3	31.45	18.64	18.52	31.39	0.00	0.00
LBC	4	31.48	18.35	17.90	32.26	0.00	0.00
LBC	5	34.80	15.21	14.87	35.12	0.00	0.00
LBC	6	31.39	18.67	18.99	30.95	0.00	0.00
LBC	7	30.40	19.48	19.82	30.30	0.00	0.00
LBC	8	30.61	19.50	19.66	30.23	0.00	0.00
LBC	9	24.34	25.59	25.52	24.55	0.00	0.00
LBC	10	31.42	18.68	18.45	31.45	0.00	0.00
LBC	11	28.43	21.34	21.69	28.54	0.00	0.00
LBC	12	30.22	19.55	19.72	30.51	0.00	0.00
LBC	13	27.88	21.81	22.16	28.15	0.00	0.00
LBC	14	27.58	22.37	22.22	27.82	0.00	0.00
LBC	15	29.19	20.86	20.99	28.95	0.00	0.00
LBC	16	30.30	19.73	19.77	30.21	0.00	0.00
LBC	17	30.53	19.46	19.54	30.47	0.00	0.00
LBC	18	30.55	19.42	19.44	30.58	0.00	0.00
LBC	19	30.26	19.73	19.78	30.23	0.00	0.00
LBC	20	30.15	19.84	19.84	30.18	0.00	0.00
LBC	21	30.11	19.86	19.90	30.13	0.00	0.00
LBC	22	30.01	19.88	20.09	30.02	0.00	0.00
LBC	23	30.04	19.89	19.90	30.17	0.00	0.00
LBC	24	30.18	19.83	19.79	30.20	0.00	0.00
LBC	25	30.12	19.88	19.97	30.04	0.00	0.00
LBC	26	30.34	19.77	19.84	30.05	0.00	0.00
LBC	27	30.26	19.70	19.81	30.24	0.00	0.00
LBC	28	30.11	19.86	19.89	30.15	0.00	0.00
LBC	29	30.12	19.88	19.89	30.11	0.00	0.00
LBC	30	30.33	19.69	19.88	30.10	0.00	0.00
LBC	31	30.14	19.90	19.93	30.02	0.00	0.00
LBC	32	30.01	19.82	20.02	30.16	0.00	0.00
LBC	33	30.28	19.80	19.73	30.19	0.00	0.00
LBC	34	30.23	19.81	19.90	30.06	0.00	0.00
LBC	35	30.17	19.84	19.86	30.13	0.00	0.00
LBC	36	30.37	19.73	19.69	30.20	0.00	0.00
LBC	37	30.30	19.67	19.85	30.17	0.00	0.00
LBC	38	30.26	19.71	19.82	30.21	0.00	0.00
LBC	39	30.29	19.70	19.81	30.20	0.00	0.00
LBC	40	30.31	19.73	19.72	30.24	0.00	0.00
LBC	41	30.35	19.80	19.68	30.18	0.00	0.00
LBC	42	30.41	19.58	19.75	30.26	0.00	0.00
LBC	43	30.34	19.73	19.79	30.14	0.00	0.00
LBC	44	30.34	19.73	19.73	30.20	0.00	0.00
LBC	45	30.34	19.59	19.83	30.24	0.00	0.00
LBC	46	30.32	19.63	19.82	30.23	0.00	0.00
LBC	47	30.32	19.70	19.82	30.16	0.00	0.00
LBC	48	30.48	19.54	19.65	30.34	0.00	0.00
LBC	49	30.26	19.58	19.83	30.33	0.00	0.00
LBC	50	30.31	19.65	19.71	30.32	0.00	0.00
LBC	51	30.51	19.54	19.60	30.35	0.00	0.00
LBC	52	30.42	19.66	19.71	30.20	0.00	0.00
LBC	53	30.28	19.61	19.66	30.45	0.00	0.00
LBC	54	30.54	19.45	19.63	30.39	0.00	0.00
LBC	55	30.44	19.52	19.70	30.34	0.00	0.00
LBC	56	30.38	19.53	19.59	30.50	0.00	0.00
LBC	57	30.56	19.48	19.56	30.40	0.00	0.00
LBC	58	30.36	19.64	19.69	30.31	0.00	0.00
LBC	59	30.45	19.46	19.59	30.50	0.00	0.00
LBC	60	30.54	19.49	19.56	30.42	0.00	0.00
LBC	61	30.44	19.45	19.75	30.37	0.00	0.00
LBC	62	30.53	19.56	19.51	30.40	0.00	0.00
LBC	63	30.65	19.48	19.49	30.37	0.00	0.00
LBC	64	30.50	19.45	19.62	30.43	0.00	0.00
LBC	65	30.51	19.41	19.59	30.50	0.00	0.00
LBC	66	30.65	19.34	19.50	30.51	0.00	0.00
LBC	67	30.43	19.47	19.56	30.54	0.00	0.00
LBC	68	30.50	19.51	19.44	30.54	0.00	0.00
LBC	69	30.55	19.40	19.53	30.52	0.00	0.00
LBC	70	30.44	19.40	19.60	30.56	0.00	0.00
LBC	71	30.46	19.48	19.53	30.53	0.00	0.00
LBC	72	30.69	19.33	19.46	30.52	0.00	0.00
LBC	73	30.68	19.50	19.42	30.40	0.00	0.00
LBC	74	30.56	19.46	19.37	30.61	0.00	0.00
LBC	75	30.65	19.33	19.46	30.56	0.00	0.00
LBC	76	30.60	19.38	19.38	30.65	0.00	0.00
LBC	77	30.66	19.33	19.40	30.62	0.00	0.00
LBC	78	30.71	19.19	19.37	30.73	0.00	0.00
LBC	79	30.70	19.37	19.40	30.53	0.00	0.00
LBC	80	30.70	19.33	19.53	30.44	0.00	0.00
LBC	81	30.81	19.19	19.36	30.63	0.00	0.00
LBC	82	30.69	19.25	19.40	30.66	0.00	0.00
LBC	83	30.63	19.33	19.46	30.58	0.00	0.00
LBC	84	30.71	19.24	19.34	30.71	0.00	0.00
LBC	85	30.70	19.32	19.39	30.59	0.00	0.00
LBC	86	30.69	19.27	19.40	30.64	0.00	0.00
LBC	87	30.79	19.19	19.33	30.69	0.00	0.00
LBC	88	30.72	19.30	19.36	30.62	0.00	0.00
LBC	89	30.63	19.29	19.32	30.77	0.00	0.00
LBC	90	30.70	19.13	19.25	30.92	0.00	0.00
LBC	91	30.75	19.25	19.35	30.66	0.00	0.00
LBC	92	30.80	19.20	19.38	30.62	0.00	0.00
LBC	93	30.83	19.22	19.24	30.71	0.00	0.00
LBC	94	30.79	19.25	19.29	30.67	0.00	0.00
LBC	95	30.67	19.20	19.23	30.89	0.00	0.00
LBC	96	30.85	19.00	19.28	30.87	0.00	0.00
LBC	97	30.82	19.14	19.31	30.73	0.00	0.00
LBC	98	30.89	19.17	19.28	30.66	0.00	0.00
LBC	99	30.91	19.12	19.11	30.86	0.00	0.00
LBC	100	30.69	19.17	19.27	30.88	0.00	0.00
LBC	101	30.92	19.18	19.23	30.67	0.01	0.00
LBC	102	30.88	19.08	19.28	30.76	0.00	0.00
LBC	103	30.81	19.22	19.30	30.67	0.00	0.00
LBC	104	30.90	19.08	19.18	30.84	0.00	0.00
LBC	105	30.89	19.10	19.25	30.76	0.00	0.00
LBC	106	30.85	19.11	19.24	30.80	0.00	0.00
LBC	107	30.93	19.06	19.22	30.79	0.00	0.00
LBC	108	31.05	19.04	19.10	30.82	0.00	0.00
LBC	109	30.77	19.15	19.24	30.84	0.00	0.00
LBC	110	30.85	19.17	19.16	30.82	0.00	0.00
LBC	111	30.90	19.03	19.18	30.88	0.00	0.00
LBC	112	30.90	19.13	19.19	30.79	0.00	0.00
LBC	113	30.97	19.10	19.14	30.79	0.00	0.00
LBC	114	30.96	18.95	19.16	30.93	0.00	0.00
LBC	115	30.87	19.12	19.22	30.79	0.00	0.00
LBC	116	30.95	19.08	19.07	30.90	0.00	0.00
LBC	117	31.00	18.96	19.16	30.88	0.00	0.00
LBC	118	31.07	18.99	19.08	30.86	0.00	0.00
LBC	119	30.97	19.05	19.16	30.82	0.00	0.00
LBC	120	30.87	19.02	19.10	31.01	0.00	0.00
LBC	121	30.85	19.10	19.26	30.79	0.00	0.00
LBC	122	30.90	18.99	19.16	30.95	0.00	0.00
LBC	123	30.90	19.01	19.09	31.00	0.00	0.00
LBC	124	31.06	19.00	19.09	30.85	0.00	0.00
LBC	125	30.97	18.95	19.03	31.04	0.00	0.00
LBC	126	30.98	19.00	19.12	30.90	0.00	0.00
LBC	127	30.89	19.04	19.13	30.94	0.00	0.00
LBC	128	31.00	18.93	19.06	31.01	0.00	0.00
LBC	129	31.00	19.03	19.09	30.88	0.00	0.00
LBC	130	31.05	19.04	19.06	30.86	0.00	0.00
LBC	131	30.89	19.16	19.13	30.82	0.00	0.00
LBC	132	31.08	18.92	18.96	31.04	0.00	0.00
LBC	133	31.05	18.93	19.07	30.95	0.00	0.00
LBC	134	31.02	18.95	19.04	30.98	0.00	0.00
LBC	135	31.11	18.93	19.08	30.87	0.00	0.00
LBC	136	30.78	19.10	19.32	30.80	0.00	0.00
LBC	137	30.88	19.06	19.04	31.01	0.00	0.00
LBC	138	30.78	19.21	19.26	30.74	0.00	0.00
LBC	139	30.90	19.07	19.29	30.74	0.00	0.00
LBC	140	30.61	19.37	19.44	30.58	0.00	0.00
LBC	141	30.79	19.16	19.29	30.76	0.00	0.00
LBC	142	30.52	19.48	19.52	30.49	0.00	0.00
LBC	143	30.71	19.23	19.38	30.68	0.00	0.00
LBC	144	30.75	19.12	19.16	30.98	0.00	0.00
LBC	145	30.87	18.99	19.22	30.92	0.00	0.00
LBC	146	30.92	18.92	18.92	31.24	0.00	0.00
LBC	147	31.25	18.83	18.74	31.18	0.00	0.00
LBC	148	30.95	19.07	19.02	30.97	0.00	0.00
LBC	149	30.91	18.92	18.91	31.27	0.00	0.00
LBC	150	30.93	18.96	19.10	31.00	0.00	0.00
LBC	151	31.05	18.91	18.69	31.36	0.00	0.00
# ACGT raw counters for last fragments. Use `grep ^LTC | cut -f 2-` to extract this part. The columns are: A,C,G,T,N base counters
LTC	30729582	19723873	19809388	30691137	1303
# Insert sizes. Use `grep ^IS | cut -f 2-` to extract this part. The columns are: insert size, pairs total, inward oriented pairs, outward oriented pairs, other pairs
IS	0	11646	3336	2719	5591
IS	1	7	0	7	0
IS	2	4	0	4	0
IS	3	6	0	6	0
IS	4	5	0	5	0
IS	5	4	0	4	0
IS	6	6	0	6	0
IS	7	9	0	9	0
IS	8	8	0	8	0
IS	9	10	0	10	0
IS	10	12	0	12	0
IS	11	14	0	14	0
IS	12	6	0	6	0
IS	13	6	0	6	0
IS	14	6	0	6	0
IS	15	5	0	5	0
IS	16	9	0	9	0
IS	17	6	0	6	0
IS	18	7	0	7	0
IS	19	6	0	6	0
IS	20	10	0	10	0
IS	21	12	0	12	0
IS	22	9	0	9	0
IS	23	11	0	11	0
IS	24	8	0	8	0
IS	25	11	0	11	0
IS	26	15	0	15	0
IS	27	6	0	6	0
IS	28	10	0	10	0
IS	29	7	0	7	0
IS	30	7	0	7	0
IS	31	15	0	15	0
IS	32	8	0	8	0
IS	33	17	0	17	0
IS	34	18	0	18	0
IS	35	19	0	19	0
IS	36	231	112	119	0
IS	37	309	140	169	0
IS	38	389	183	206	0
IS	39	471	213	258	0
IS	40	496	258	238	0
IS	41	495	222	273	0
IS	42	629	315	314	0
IS	43	691	324	367	0
IS	44	799	394	405	0
IS	45	869	408	461	0
IS	46	930	434	496	0
IS	47	1000	507	493	0
IS	48	1012	500	512	0
IS	49	1107	546	561	0
IS	50	1183	597	586	0
IS	51	1208	595	613	0
IS	52	1284	643	641	0
IS	53	1354	624	730	0
IS	54	1375	706	669	0
IS	55	1568	757	811	0
IS	56	1610	758	852	0
IS	57	1697	817	880	0
IS	58	1787	877	910	0
IS	59	1826	893	933	0
IS	60	1827	905	922	0
IS	61	1915	991	924	0
IS	62	2024	976	1048	0
IS	63	2022	984	1038	0
IS	64	2041	1005	1036	0
IS	65	2159	1075	1084	0
IS	66	2194	1062	1132	0
IS	67	2319	1171	1148	0
IS	68	2281	1148	1133	0
IS	69	2417	1242	1175	0
IS	70	2346	1134	1212	0
IS	71	2448	1194	1254	0
IS	72	2486	1213	1273	0
IS	73	2532	1263	1269	0
IS	74	2638	1326	1312	0
IS	75	2638	1323	1315	0
IS	76	2720	1344	1376	0
IS	77	2652	1286	1366	0
IS	78	2684	1359	1325	0
IS	79	2736	1356	1380	0
IS	80	2745	1355	1390	0
IS	81	2731	1370	1361	0
IS	82	2828	1481	1347	0
IS	83	2820	1379	1441	0
IS	84	2799	1412	1387	0
IS	85	2797	1342	1455	0
IS	86	2901	1513	1388	0
IS	87	3044	1539	1505	0
IS	88	3040	1528	1512	0
IS	89	2904	1498	1406	0
IS	90	3005	1550	1455	0
IS	91	2983	1538	1445	0
IS	92	2946	1486	1460	0
IS	93	2982	1511	1471	0
IS	94	2983	1514	1469	0
IS	95	3172	1597	1575	0
IS	96	3170	1611	1559	0
IS	97	3064	1585	1479	0
IS	98	3165	1639	1526	0
IS	99	3141	1612	1529	0
IS	100	3225	1613	1612	0
IS	101	3190	1700	1490	0
IS	102	3157	1612	1545	0
IS	103	3190	1580	1610	0
IS	104	3098	1645	1453	0
IS	105	3100	1558	1542	0
IS	106	3168	1682	1486	0
IS	107	3157	1580	1577	0
IS	108	3156	1562	1594	0
IS	109	3306	1743	1563	0
IS	110	3324	1711	1613	0
IS	111	3358	1723	1635	0
IS	112	3194	1670	1524	0
IS	113	3256	1746	1510	0
IS	114	3294	1744	1550	0
IS	115	3318	1700	1618	0
IS	116	3290	1811	1479	0
IS	117	3382	1797	1585	0
IS	118	3394	1767	1627	0
IS	119	3465	1803	1662	0
IS	120	3395	1781	1614	0
IS	121	3396	1778	1618	0
IS	122	3396	1775	1621	0
IS	123	3460	1825	1635	0
IS	124	3292	1692	1600	0
IS	125	3394	1769	1625	0
IS	126	3397	1771	1626	0
IS	127	3481	1864	1617	0
IS	128	3418	1803	1615	0
IS	129	3448	1852	1596	0
IS	130	3440	1792	1648	0
IS	131	3383	1765	1618	0
IS	132	3505	1769	1736	0
IS	133	3496	1855	1641	0
IS	134	3115	1604	1511	0
IS	135	264	211	53	0
IS	136	247	206	41	0
IS	137	288	212	76	0
IS	138	379	251	128	0
IS	139	366	215	151	0
IS	140	444	203	241	0
IS	141	500	219	281	0
IS	142	659	237	422	0
IS	143	676	234	442	0
IS	144	757	254	503	0
IS	145	1146	238	908	0
IS	146	1412	250	1162	0
IS	147	1856	288	1568	0
IS	148	2720	354	2366	0
IS	149	3624	915	2709	0
IS	150	17237	7970	9267	0
IS	151	38653	18319	20334	0
IS	152	3380	3379	1	0
IS	153	3423	3420	3	0
IS	154	3488	3484	4	0
IS	155	3461	3459	2	0
IS	156	3492	3491	1	0
IS	157	3574	3572	2	0
IS	158	3519	3519	0	0
IS	159	3508	3504	4	0
IS	160	3566	3564	2	0
IS	161	3521	3519	2	0
IS	162	3554	3553	1	0
IS	163	3404	3403	1	0
IS	164	3559	3557	2	0
IS	165	3508	3508	0	0
IS	166	3473	3470	3	0
IS	167	3469	3468	1	0
IS	168	3512	3510	2	0
IS	169	3465	3463	2	0
IS	170	3469	3465	4	0
IS	171	3507	3504	3	0
IS	172	3492	3490	2	0
IS	173	3455	3455	0	0
IS	174	3507	3502	5	0
IS	175	3559	3558	1	0
IS	176	3321	3320	1	0
IS	177	3399	3397	2	0
IS	178	3350	3349	1	0
IS	179	3383	3381	2	0
IS	180	3478	3476	2	0
IS	181	3484	3482	2	0
IS	182	3328	3325	3	0
IS	183	3304	3301	3	0
IS	184	3504	3502	2	0
IS	185	3245	3245	0	0
IS	186	3329	3325	4	0
IS	187	3277	3276	1	0
IS	188	3365	3362	3	0
IS	189	3243	3242	1	0
IS	190	3099	3096	3	0
IS	191	3365	3362	3	0
IS	192	3146	3144	2	0
IS	193	3274	3271	3	0
IS	194	3244	3244	0	0
IS	195	3235	3235	0	0
IS	196	3147	3144	3	0
IS	197	3131	3131	0	0
IS	198	3079	3079	0	0
IS	199	2991	2988	3	0
IS	200	3122	3120	2	0
IS	201	3081	3080	1	0
IS	202	2995	2995	0	0
IS	203	3164	3164	0	0
IS	204	3032	3032	0	0
IS	205	2995	2993	2	0
IS	206	2971	2970	1	0
IS	207	2801	2800	1	0
IS	208	2968	2965	3	0
IS	209	2884	2883	1	0
IS	210	2938	2938	0	0
IS	211	2860	2859	1	0
IS	212	2799	2798	1	0
IS	213	2780	2780	0	0
IS	214	2900	2900	0	0
IS	215	2773	2770	3	0
IS	216	2726	2726	0	0
IS	217	2812	2812	0	0
IS	218	2773	2769	4	0
IS	219	2642	2640	2	0
IS	220	2644	2644	0	0
IS	221	2647	2646	1	0
IS	222	2497	2496	1	0
IS	223	2606	2604	2	0
IS	224	2530	2527	3	0
IS	225	2493	2491	2	0
IS	226	2509	2509	0	0
IS	227	2461	2459	2	0
IS	228	2450	2449	1	0
IS	229	2393	2390	3	0
IS	230	2400	2398	2	0
IS	231	2445	2445	0	0
IS	232	2409	2408	1	0
IS	233	2305	2304	1	0
IS	234	2367	2365	2	0
IS	235	2226	2226	0	0
IS	236	2170	2170	0	0
IS	237	2214	2213	1	0
IS	238	2200	2197	3	0
IS	239	2162	2162	0	0
IS	240	2135	2134	1	0
IS	241	2106	2106	0	0
IS	242	2121	2119	2	0
IS	243	1988	1988	0	0
IS	244	2078	2078	0	0
IS	245	1967	1966	1	0
IS	246	2021	2020	1	0
IS	247	2001	2001	0	0
IS	248	1911	1911	0	0
IS	249	1871	1870	1	0
IS	250	1898	1897	1	0
IS	251	1833	1832	1	0
IS	252	1860	1860	0	0
IS	253	1766	1765	1	0
IS	254	1803	1803	0	0
IS	255	1830	1829	1	0
IS	256	1729	1728	1	0
IS	257	1623	1621	2	0
IS	258	1683	1682	1	0
IS	259	1690	1690	0	0
IS	260	1611	1610	1	0
IS	261	1640	1638	2	0
IS	262	1529	1529	0	0
IS	263	1542	1540	2	0
IS	264	1519	1518	1	0
IS	265	1569	1566	3	0
IS	266	1532	1532	0	0
IS	267	1409	1407	2	0
IS	268	1412	1412	0	0
IS	269	1394	1392	2	0
IS	270	1396	1396	0	0
IS	271	1400	1396	4	0
IS	272	1376	1374	2	0
IS	273	1330	1329	1	0
IS	274	1331	1328	3	0
IS	275	1312	1310	2	0
IS	276	1261	1260	1	0
IS	277	1252	1252	0	0
IS	278	1195	1192	3	0
IS	279	1195	1195	0	0
IS	280	1122	1120	2	0
IS	281	1183	1183	0	0
IS	282	1198	1198	0	0
IS	283	1080	1080	0	0
IS	284	1032	1031	1	0
IS	285	1106	1105	1	0
IS	286	1104	1102	2	0
IS	287	1016	1015	1	0
IS	288	961	960	1	0
IS	289	1003	1003	0	0
IS	290	1021	1020	1	0
IS	291	947	944	3	0
IS	292	944	944	0	0
IS	293	953	953	0	0
IS	294	899	898	1	0
IS	295	897	897	0	0
IS	296	902	902	0	0
IS	297	863	861	2	0
IS	298	845	843	2	0
IS	299	818	816	2	0
IS	300	774	773	1	0
IS	301	763	761	2	0
IS	302	768	767	1	0
IS	303	762	761	1	0
IS	304	714	713	1	0
IS	305	752	752	0	0
IS	306	757	756	1	0
IS	307	663	662	1	0
IS	308	647	645	2	0
IS	309	696	695	1	0
IS	310	682	681	1	0
IS	311	642	642	0	0
IS	312	626	626	0	0
IS	313	614	614	0	0
IS	314	579	578	1	0
IS	315	566	563	3	0
IS	316	581	579	2	0
IS	317	534	533	1	0
IS	318	538	535	3	0
IS	319	565	564	1	0
IS	320	531	530	1	0
IS	321	509	508	1	0
IS	322	484	482	2	0
IS	323	466	465	1	0
IS	324	487	485	2	0
IS	325	467	465	2	0
IS	326	488	487	1	0
IS	327	448	445	3	0
IS	328	438	438	0	0
IS	329	429	427	2	0
IS	330	412	412	0	0
IS	331	419	416	3	0
IS	332	396	396	0	0
IS	333	385	383	2	0
IS	334	408	408	0	0
IS	335	383	381	2	0
IS	336	360	359	1	0
IS	337	341	339	2	0
IS	338	372	370	2	0
IS	339	333	329	4	0
IS	340	327	326	1	0
IS	341	321	321	0	0
IS	342	300	295	5	0
IS	343	320	319	1	0
IS	344	326	325	1	0
IS	345	277	276	1	0
IS	346	287	285	2	0
IS	347	290	289	1	0
IS	348	300	300	0	0
IS	349	261	260	1	0
IS	350	269	266	3	0
IS	351	265	265	0	0
IS	352	235	235	0	0
IS	353	261	258	3	0
IS	354	250	250	0	0
IS	355	241	241	0	0
IS	356	205	204	1	0
IS	357	228	228	0	0
IS	358	209	209	0	0
IS	359	210	210	0	0
IS	360	218	216	2	0
IS	361	194	194	0	0
IS	362	188	184	4	0
IS	363	164	164	0	0
IS	364	177	176	1	0
IS	365	196	196	0	0
IS	366	164	164	0	0
IS	367	156	154	2	0
IS	368	152	151	1	0
IS	369	169	169	0	0
IS	370	161	161	0	0
IS	371	155	155	0	0
IS	372	155	154	1	0
IS	373	144	144	0	0
# Read lengths. Use `grep ^RL | cut -f 2-` to extract this part. The columns are: read length, count
RL	36	1449
RL	37	1580
RL	38	1799
RL	39	1956
RL	40	2049
RL	41	2063
RL	42	2395
RL	43	2389
RL	44	2646
RL	45	2813
RL	46	2898
RL	47	3060
RL	48	3097
RL	49	3292
RL	50	3459
RL	51	3561
RL	52	3639
RL	53	3841
RL	54	3839
RL	55	4160
RL	56	4354
RL	57	4550
RL	58	4789
RL	59	4738
RL	60	4746
RL	61	4946
RL	62	5091
RL	63	5144
RL	64	5212
RL	65	5438
RL	66	5595
RL	67	5693
RL	68	5689
RL	69	5973
RL	70	5852
RL	71	5937
RL	72	6137
RL	73	6165
RL	74	6374
RL	75	6400
RL	76	6434
RL	77	6350
RL	78	6539
RL	79	6579
RL	80	6572
RL	81	6526
RL	82	6731
RL	83	6746
RL	84	6630
RL	85	6576
RL	86	6881
RL	87	7136
RL	88	7153
RL	89	6840
RL	90	7042
RL	91	7063
RL	92	6947
RL	93	7040
RL	94	7113
RL	95	7453
RL	96	7442
RL	97	7114
RL	98	7357
RL	99	7342
RL	100	7472
RL	101	7471
RL	102	7428
RL	103	7458
RL	104	7363
RL	105	7364
RL	106	7409
RL	107	7358
RL	108	7378
RL	109	7720
RL	110	7609
RL	111	7681
RL	112	7446
RL	113	7475
RL	114	7700
RL	115	7699
RL	116	7582
RL	117	7818
RL	118	7823
RL	119	7874
RL	120	7727
RL	121	7797
RL	122	7803
RL	123	7897
RL	124	7526
RL	125	7853
RL	126	7687
RL	127	7860
RL	128	7814
RL	129	7825
RL	130	7723
RL	131	7649
RL	132	7811
RL	133	7712
RL	134	6849
RL	135	1071
RL	136	1074
RL	137	1061
RL	138	1061
RL	139	1105
RL	140	1127
RL	141	1045
RL	142	1069
RL	143	1065
RL	144	1100
RL	145	1128
RL	146	1062
RL	147	1582
RL	148	5095
RL	149	23254
RL	150	233469
RL	151	708259
# Read lengths - first fragments. Use `grep ^FRL | cut -f 2-` to extract this part. The columns are: read length, count
FRL	36	524
FRL	37	603
FRL	38	691
FRL	39	770
FRL	40	830
FRL	41	829
FRL	42	999
FRL	43	1026
FRL	44	1161
FRL	45	1253
FRL	46	1275
FRL	47	1388
FRL	48	1398
FRL	49	1487
FRL	50	1580
FRL	51	1609
FRL	52	1666
FRL	53	1737
FRL	54	1739
FRL	55	1954
FRL	56	2064
FRL	57	2141
FRL	58	2228
FRL	59	2235
FRL	60	2242
FRL	61	2323
FRL	62	2415
FRL	63	2427
FRL	64	2452
FRL	65	2562
FRL	66	2649
FRL	67	2715
FRL	68	2685
FRL	69	2845
FRL	70	2783
FRL	71	2851
FRL	72	2907
FRL	73	2964
FRL	74	3072
FRL	75	3081
FRL	76	3124
FRL	77	3025
FRL	78	3118
FRL	79	3177
FRL	80	3163
FRL	81	3105
FRL	82	3239
FRL	83	3273
FRL	84	3229
FRL	85	3172
FRL	86	3296
FRL	87	3478
FRL	88	3471
FRL	89	3341
FRL	90	3390
FRL	91	3372
FRL	92	3353
FRL	93	3421
FRL	94	3356
FRL	95	3600
FRL	96	3588
FRL	97	3422
FRL	98	3531
FRL	99	3515
FRL	100	3565
FRL	101	3564
FRL	102	3573
FRL	103	3594
FRL	104	3507
FRL	105	3548
FRL	106	3557
FRL	107	3525
FRL	108	3535
FRL	109	3773
FRL	110	3666
FRL	111	3728
FRL	112	3636
FRL	113	3614
FRL	114	3745
FRL	115	3738
FRL	116	3696
FRL	117	3786
FRL	118	3841
FRL	119	3855
FRL	120	3787
FRL	121	3760
FRL	122	3792
FRL	123	3883
FRL	124	3683
FRL	125	3826
FRL	126	3739
FRL	127	3899
FRL	128	3824
FRL	129	3859
FRL	130	3788
FRL	131	3765
FRL	132	3909
FRL	133	3826
FRL	134	3518
FRL	135	363
FRL	136	417
FRL	137	387
FRL	138	372
FRL	139	381
FRL	140	406
FRL	141	391
FRL	142	367
FRL	143	393
FRL	144	380
FRL	145	400
FRL	146	375
FRL	147	544
FRL	148	1758
FRL	149	8887
FRL	150	106081
FRL	151	383126
# Read lengths - last fragments. Use `grep ^LRL | cut -f 2-` to extract this part. The columns are: read length, count
LRL	36	925
LRL	37	977
LRL	38	1108
LRL	39	1186
LRL	40	1219
LRL	41	1234
LRL	42	1396
LRL	43	1363
LRL	44	1485
LRL	45	1560
LRL	46	1623
LRL	47	1672
LRL	48	1699
LRL	49	1805
LRL	50	1879
LRL	51	1952
LRL	52	1973
LRL	53	2104
LRL	54	2100
LRL	55	2206
LRL	56	2290
LRL	57	2409
LRL	58	2561
LRL	59	2503
LRL	60	2504
LRL	61	2623
LRL	62	2676
LRL	63	2717
LRL	64	2760
LRL	65	2876
LRL	66	2946
LRL	67	2978
LRL	68	3004
LRL	69	3128
LRL	70	3069
LRL	71	3086
LRL	72	3230
LRL	73	3201
LRL	74	3302
LRL	75	3319
LRL	76	3310
LRL	77	3325
LRL	78	3421
LRL	79	3402
LRL	80	3409
LRL	81	3421
LRL	82	3492
LRL	83	3473
LRL	84	3401
LRL	85	3404
LRL	86	3585
LRL	87	3658
LRL	88	3682
LRL	89	3499
LRL	90	3652
LRL	91	3691
LRL	92	3594
LRL	93	3619
LRL	94	3757
LRL	95	3853
LRL	96	3854
LRL	97	3692
LRL	98	3826
LRL	99	3827
LRL	100	3907
LRL	101	3907
LRL	102	3855
LRL	103	3864
LRL	104	3856
LRL	105	3816
LRL	106	3852
LRL	107	3833
LRL	108	3843
LRL	109	3947
LRL	110	3943
LRL	111	3953
LRL	112	3810
LRL	113	3861
LRL	114	3955
LRL	115	3961
LRL	116	3886
LRL	117	4032
LRL	118	3982
LRL	119	4019
LRL	120	3940
LRL	121	4037
LRL	122	4011
LRL	123	4014
LRL	124	3843
LRL	125	4027
LRL	126	3948
LRL	127	3961
LRL	128	3990
LRL	129	3966
LRL	130	3935
LRL	131	3884
LRL	132	3902
LRL	133	3886
LRL	134	3331
LRL	135	708
LRL	136	657
LRL	137	674
LRL	138	689
LRL	139	724
LRL	140	721
LRL	141	654
LRL	142	702
LRL	143	672
LRL	144	720
LRL	145	728
LRL	146	687
LRL	147	1038
LRL	148	3337
LRL	149	14367
LRL	150	127388
LRL	151	325133
# Mapping qualities for reads !(UNMAP|SECOND|SUPPL|QCFAIL|DUP). Use `grep ^MAPQ | cut -f 2-` to extract this part. The columns are: mapq, count
MAPQ	0	279011
MAPQ	1	106427
MAPQ	2	207634
MAPQ	3	113992
MAPQ	4	69519
MAPQ	5	47259
MAPQ	6	34798
MAPQ	7	26076
MAPQ	8	20821
MAPQ	9	16106
MAPQ	10	13457
MAPQ	11	10403
MAPQ	12	9468
MAPQ	13	7673
MAPQ	14	7190
MAPQ	15	6646
MAPQ	16	5390
MAPQ	17	5073
MAPQ	18	4686
MAPQ	19	4447
MAPQ	20	4268
MAPQ	21	3755
MAPQ	22	3599
MAPQ	23	3320
MAPQ	24	3418
MAPQ	25	3030
MAPQ	26	3064
MAPQ	27	2836
MAPQ	28	2764
MAPQ	29	2456
MAPQ	30	2720
MAPQ	31	2120
MAPQ	32	2354
MAPQ	33	2203
MAPQ	34	2064
MAPQ	35	2022
MAPQ	36	1950
MAPQ	37	1693
MAPQ	38	1687
MAPQ	39	1675
MAPQ	40	1621
MAPQ	41	1421
MAPQ	42	1327
MAPQ	43	1166
MAPQ	44	1141
MAPQ	45	982
MAPQ	46	817
MAPQ	47	695
MAPQ	48	561
MAPQ	49	382
MAPQ	50	158
MAPQ	51	30
MAPQ	52	3
MAPQ	53	7
MAPQ	54	4
MAPQ	60	472265
# Indel distribution. Use `grep ^ID | cut -f 2-` to extract this part. The columns are: length, number of insertions, number of deletions
ID	1	376849	411795
ID	2	59735	74505
ID	3	19943	26725
ID	4	8665	12221
ID	5	4350	6134
ID	6	2384	3823
ID	7	1199	1939
ID	8	677	1053
ID	9	314	631
ID	10	197	354
ID	11	83	161
ID	12	42	70
ID	13	9	13
ID	14	0	1
ID	15	0	3
ID	17	0	1
# Indels per cycle. Use `grep ^IC | cut -f 2-` to extract this part. The columns are: cycle, number of insertions (fwd), .. (rev) , number of deletions (fwd), .. (rev)
IC	3	0	0	885	842
IC	4	486	526	854	912
IC	5	708	682	1166	1181
IC	6	992	936	1213	1183
IC	7	981	1008	1214	1227
IC	8	1105	1041	1282	1430
IC	9	1192	1209	1318	1427
IC	10	1277	1273	1424	1398
IC	11	1247	1259	1527	1453
IC	12	1315	1403	1497	1597
IC	13	1411	1373	1634	1624
IC	14	1445	1548	1734	1716
IC	15	1576	1570	1772	1790
IC	16	1503	1612	1849	1745
IC	17	1644	1581	1833	1853
IC	18	1660	1645	1880	1929
IC	19	1673	1704	1995	1986
IC	20	1768	1750	2032	2045
IC	21	1831	1876	2059	2032
IC	22	1735	1823	2111	2160
IC	23	1832	1884	2212	2094
IC	24	1930	1889	2164	2132
IC	25	1810	2039	2193	2229
IC	26	1960	1991	2170	2255
IC	27	1967	2000	2101	2211
IC	28	1935	1970	2163	2162
IC	29	1995	2063	2127	2266
IC	30	2037	2018	2305	2348
IC	31	2033	2051	2279	2284
IC	32	2055	1986	2373	2281
IC	33	1970	2074	2279	2295
IC	34	2113	2045	2303	2298
IC	35	2092	2042	2267	2277
IC	36	2061	2110	2440	2350
IC	37	2072	2090	2351	2431
IC	38	2170	2106	2312	2348
IC	39	2055	2134	2335	2352
IC	40	2283	2067	2288	2346
IC	41	2124	2190	2405	2414
IC	42	2060	2069	2412	2372
IC	43	2096	2051	2425	2376
IC	44	2154	2022	2392	2384
IC	45	2158	2094	2400	2453
IC	46	2167	2113	2389	2407
IC	47	2112	2010	2380	2280
IC	48	2077	2014	2396	2450
IC	49	2196	2022	2437	2333
IC	50	2152	2098	2429	2427
IC	51	2143	2044	2412	2425
IC	52	2173	2118	2467	2376
IC	53	2121	2085	2360	2303
IC	54	2117	1991	2369	2313
IC	55	2009	2007	2332	2277
IC	56	2085	1992	2333	2234
IC	57	2071	1964	2392	2292
IC	58	2132	1980	2396	2227
IC	59	2104	2031	2334	2257
IC	60	2082	2044	2290	2301
IC	61	2065	1996	2289	2390
IC	62	2023	1991	2318	2320
IC	63	1999	2055	2271	2267
IC	64	2058	2003	2205	2282
IC	65	2033	1979	2233	2330
IC	66	2061	1942	2300	2350
IC	67	1999	1955	2362	2188
IC	68	1976	2007	2222	2211
IC	69	2052	1971	2256	2264
IC	70	2093	1951	2264	2083
IC	71	2044	1907	2296	2185
IC	72	1975	1881	2343	2161
IC	73	1986	1910	2319	2126
IC	74	2011	1949	2255	2192
IC	75	1964	1972	2289	2140
IC	76	1920	1802	2221	2126
IC	77	1936	1801	2152	2148
IC	78	1874	1883	2242	2122
IC	79	1893	1871	2169	2058
IC	80	1831	1847	2193	2061
IC	81	1820	1883	2070	2083
IC	82	1870	1836	2149	2108
IC	83	1853	1798	2136	2030
IC	84	1859	1764	2097	2023
IC	85	1737	1789	1993	1981
IC	86	1768	1759	2103	1952
IC	87	1759	1744	2136	1994
IC	88	1724	1782	2047	2047
IC	89	1785	1720	2042	1908
IC	90	1752	1843	2016	2071
IC	91	1801	1780	1961	1996
IC	92	1735	1677	1879	1990
IC	93	1808	1677	1996	1978
IC	94	1716	1741	1961	1892
IC	95	1735	1700	2024	1957
IC	96	1681	1642	1997	1878
IC	97	1742	1686	1925	1915
IC	98	1626	1646	1896	1818
IC	99	1654	1627	1812	1855
IC	100	1739	1546	1916	1787
IC	101	1633	1524	1890	1779
IC	102	1643	1617	1819	1740
IC	103	1666	1478	1846	1840
IC	104	1631	1514	1806	1857
IC	105	1629	1502	1807	1720
IC	106	1563	1532	1764	1722
IC	107	1621	1492	1822	1809
IC	108	1577	1497	1735	1690
IC	109	1538	1458	1712	1696
IC	110	1542	1415	1735	1600
IC	111	1444	1459	1796	1617
IC	112	1517	1438	1706	1650
IC	113	1510	1386	1720	1553
IC	114	1456	1256	1691	1565
IC	115	1478	1385	1612	1552
IC	116	1425	1412	1664	1578
IC	117	1405	1327	1591	1439
IC	118	1404	1312	1551	1462
IC	119	1391	1297	1509	1414
IC	120	1348	1307	1515	1439
IC	121	1290	1277	1463	1459
IC	122	1346	1235	1502	1458
IC	123	1277	1249	1481	1399
IC	124	1291	1243	1485	1313
IC	125	1221	1195	1442	1341
IC	126	1236	1141	1366	1332
IC	127	1219	1096	1383	1272
IC	128	1144	1101	1342	1289
IC	129	1125	1118	1393	1316
IC	130	1184	1043	1306	1228
IC	131	1070	1094	1257	1174
IC	132	1129	982	1215	1172
IC	133	1078	999	1211	1148
IC	134	1017	984	1202	1143
IC	135	1084	1074	1224	1120
IC	136	1239	1198	1205	1152
IC	137	1219	1124	1157	1160
IC	138	1232	1173	1180	1056
IC	139	1196	1154	1120	1042
IC	140	1184	1077	1153	1039
IC	141	1162	1115	1024	1049
IC	142	1058	1029	1077	966
IC	143	1013	954	1058	952
IC	144	933	921	1002	920
IC	145	904	860	892	830
IC	146	733	678	849	733
IC	147	594	570	707	716
IC	148	385	332	652	586
# Coverage distribution. Use `grep ^COV | cut -f 2-` to extract this part.
COV	[1-1]	1	38099855
COV	[2-2]	2	38978634
COV	[3-3]	3	5677129
COV	[4-4]	4	5766069
COV	[5-5]	5	1226105
COV	[6-6]	6	956458
COV	[7-7]	7	331759
COV	[8-8]	8	254402
COV	[9-9]	9	133496
COV	[10-10]	10	102383
COV	[11-11]	11	66454
COV	[12-12]	12	53205
COV	[13-13]	13	40540
COV	[14-14]	14	31965
COV	[15-15]	15	26812
COV	[16-16]	16	23010
COV	[17-17]	17	19381
COV	[18-18]	18	17172
COV	[19-19]	19	14654
COV	[20-20]	20	13268
COV	[21-21]	21	12415
COV	[22-22]	22	11157
COV	[23-23]	23	10522
COV	[24-24]	24	9368
COV	[25-25]	25	9314
COV	[26-26]	26	8718
COV	[27-27]	27	8515
COV	[28-28]	28	8263
COV	[29-29]	29	6914
COV	[30-30]	30	6899
COV	[31-31]	31	6155
COV	[32-32]	32	6685
COV	[33-33]	33	5922
COV	[34-34]	34	5906
COV	[35-35]	35	4932
COV	[36-36]	36	5135
COV	[37-37]	37	4500
COV	[38-38]	38	4136
COV	[39-39]	39	4284
COV	[40-40]	40	3873
COV	[41-41]	41	3836
COV	[42-42]	42	3787
COV	[43-43]	43	3063
COV	[44-44]	44	2954
COV	[45-45]	45	2738
COV	[46-46]	46	2823
COV	[47-47]	47	2370
COV	[48-48]	48	2267
COV	[49-49]	49	2207
COV	[50-50]	50	2006
COV	[51-51]	51	1967
COV	[52-52]	52	1873
COV	[53-53]	53	1829
COV	[54-54]	54	1621
COV	[55-55]	55	1563
COV	[56-56]	56	1518
COV	[57-57]	57	1495
COV	[58-58]	58	1366
COV	[59-59]	59	1283
COV	[60-60]	60	1244
COV	[61-61]	61	1184
COV	[62-62]	62	1062
COV	[63-63]	63	1021
COV	[64-64]	64	893
COV	[65-65]	65	1001
COV	[66-66]	66	927
COV	[67-67]	67	828
COV	[68-68]	68	756
COV	[69-69]	69	836
COV	[70-70]	70	824
COV	[71-71]	71	809
COV	[72-72]	72	796
COV	[73-73]	73	847
COV	[74-74]	74	741
COV	[75-75]	75	765
COV	[76-76]	76	722
COV	[77-77]	77	681
COV	[78-78]	78	668
COV	[79-79]	79	598
COV	[80-80]	80	565
COV	[81-81]	81	586
COV	[82-82]	82	571
COV	[83-83]	83	532
COV	[84-84]	84	519
COV	[85-85]	85	481
COV	[86-86]	86	496
COV	[87-87]	87	496
COV	[88-88]	88	487
COV	[89-89]	89	404
COV	[90-90]	90	411
COV	[91-91]	91	388
COV	[92-92]	92	435
COV	[93-93]	93	429
COV	[94-94]	94	435
COV	[95-95]	95	342
COV	[96-96]	96	400
COV	[97-97]	97	354
COV	[98-98]	98	353
COV	[99-99]	99	335
COV	[100-100]	100	401
COV	[101-101]	101	350
COV	[102-102]	102	343
COV	[103-103]	103	303
COV	[104-104]	104	264
COV	[105-105]	105	263
COV	[106-106]	106	262
COV	[107-107]	107	232
COV	[108-108]	108	203
COV	[109-109]	109	218
COV	[110-110]	110	238
COV	[111-111]	111	218
COV	[112-112]	112	205
COV	[113-113]	113	154
COV	[114-114]	114	176
COV	[115-115]	115	187
COV	[116-116]	116	184
COV	[117-117]	117	176
COV	[118-118]	118	129
COV	[119-119]	119	182
COV	[120-120]	120	131
COV	[121-121]	121	120
COV	[122-122]	122	117
COV	[123-123]	123	113
COV	[124-124]	124	102
COV	[125-125]	125	97
COV	[126-126]	126	64
COV	[127-127]	127	60
COV	[128-128]	128	47
COV	[129-129]	129	81
COV	[130-130]	130	84
COV	[131-131]	131	76
COV	[132-132]	132	49
COV	[133-133]	133	106
COV	[134-134]	134	63
COV	[135-135]	135	64
COV	[136-136]	136	52
COV	[137-137]	137	67
COV	[138-138]	138	47
COV	[139-139]	139	74
COV	[140-140]	140	62
COV	[141-141]	141	49
COV	[142-142]	142	84
COV	[143-143]	143	71
COV	[144-144]	144	59
COV	[145-145]	145	72
COV	[146-146]	146	78
COV	[147-147]	147	56
COV	[148-148]	148	51
COV	[149-149]	149	44
COV	[150-150]	150	38
COV	[151-151]	151	57
COV	[152-152]	152	53
COV	[153-153]	153	50
COV	[154-154]	154	37
COV	[155-155]	155	25
COV	[156-156]	156	39
COV	[157-157]	157	37
COV	[158-158]	158	45
COV	[159-159]	159	50
COV	[160-160]	160	31
COV	[161-161]	161	32
COV	[162-162]	162	48
COV	[163-163]	163	26
COV	[164-164]	164	38
COV	[165-165]	165	38
COV	[166-166]	166	14
COV	[167-167]	167	22
COV	[168-168]	168	20
COV	[169-169]	169	28
COV	[170-170]	170	22
COV	[171-171]	171	13
COV	[172-172]	172	17
COV	[173-173]	173	13
COV	[174-174]	174	28
COV	[175-175]	175	12
COV	[176-176]	176	12
COV	[177-177]	177	7
COV	[178-178]	178	12
COV	[179-179]	179	12
COV	[180-180]	180	10
COV	[181-181]	181	6
COV	[182-182]	182	20
COV	[183-183]	183	10
COV	[184-184]	184	13
COV	[185-185]	185	11
COV	[186-186]	186	16
COV	[187-187]	187	13
COV	[188-188]	188	9
COV	[189-189]	189	13
COV	[190-190]	190	7
COV	[191-191]	191	15
COV	[192-192]	192	19
COV	[193-193]	193	8
COV	[194-194]	194	7
COV	[195-195]	195	7
COV	[196-196]	196	6
COV	[197-197]	197	5
COV	[198-198]	198	8
COV	[199-199]	199	1
COV	[200-200]	200	5
COV	[201-201]	201	13
COV	[202-202]	202	1
COV	[203-203]	203	12
COV	[204-204]	204	17
COV	[205-205]	205	5
COV	[206-206]	206	14
COV	[207-207]	207	6
COV	[208-208]	208	4
COV	[209-209]	209	14
COV	[210-210]	210	11
COV	[211-211]	211	11
COV	[212-212]	212	12
COV	[213-213]	213	4
COV	[214-214]	214	3
COV	[215-215]	215	3
COV	[216-216]	216	5
COV	[217-217]	217	1
COV	[218-218]	218	12
COV	[219-219]	219	10
COV	[220-220]	220	5
COV	[221-221]	221	9
COV	[222-222]	222	9
COV	[223-223]	223	20
COV	[224-224]	224	19
COV	[225-225]	225	11
COV	[226-226]	226	2
COV	[227-227]	227	5
COV	[228-228]	228	4
COV	[229-229]	229	2
COV	[230-230]	230	1
COV	[231-231]	231	2
COV	[232-232]	232	1
COV	[233-233]	233	6
COV	[234-234]	234	1
COV	[235-235]	235	1
COV	[236-236]	236	3
COV	[237-237]	237	4
COV	[238-238]	238	3
COV	[239-239]	239	4
COV	[240-240]	240	1
COV	[241-241]	241	2
COV	[242-242]	242	4
COV	[243-243]	243	6
COV	[244-244]	244	4
COV	[245-245]	245	1
COV	[249-249]	249	2
COV	[251-251]	251	1
COV	[254-254]	254	1
COV	[255-255]	255	1
COV	[256-256]	256	4
COV	[257-257]	257	3
COV	[259-259]	259	5
COV	[260-260]	260	1
COV	[261-261]	261	4
COV	[262-262]	262	4
COV	[263-263]	263	1
COV	[266-266]	266	1
COV	[270-270]	270	2
COV	[272-272]	272	1
COV	[274-274]	274	2
COV	[276-276]	276	2
COV	[277-277]	277	3
COV	[278-278]	278	5
COV	[280-280]	280	1
COV	[281-281]	281	1
COV	[282-282]	282	2
COV	[283-283]	283	1
COV	[284-284]	284	9
COV	[286-286]	286	1
COV	[287-287]	287	2
COV	[289-289]	289	5
COV	[290-290]	290	3
COV	[291-291]	291	9
COV	[294-294]	294	1
COV	[302-302]	302	1
COV	[304-304]	304	1
COV	[315-315]	315	3
COV	[317-317]	317	2
COV	[319-319]	319	1
COV	[320-320]	320	1
COV	[321-321]	321	4
COV	[322-322]	322	2
COV	[324-324]	324	1
COV	[328-328]	328	1
COV	[330-330]	330	1
COV	[332-332]	332	1
COV	[334-334]	334	2
COV	[337-337]	337	1
COV	[338-338]	338	1
COV	[339-339]	339	3
COV	[340-340]	340	1
COV	[343-343]	343	1
COV	[346-346]	346	1
COV	[348-348]	348	1
COV	[350-350]	350	1
COV	[351-351]	351	1
COV	[354-354]	354	1
COV	[355-355]	355	1
COV	[356-356]	356	1
COV	[358-358]	358	3
COV	[359-359]	359	2
COV	[361-361]	361	2
COV	[362-362]	362	3
COV	[363-363]	363	1
COV	[368-368]	368	2
COV	[374-374]	374	1
COV	[377-377]	377	1
COV	[378-378]	378	1
COV	[380-380]	380	1
COV	[381-381]	381	3
COV	[383-383]	383	3
COV	[389-389]	389	1
COV	[393-393]	393	1
COV	[397-397]	397	1
COV	[401-401]	401	1
COV	[404-404]	404	3
COV	[406-406]	406	2
COV	[412-412]	412	1
COV	[417-417]	417	1
COV	[420-420]	420	2
COV	[421-421]	421	1
COV	[423-423]	423	7
COV	[426-426]	426	2
COV	[429-429]	429	1
COV	[431-431]	431	1
COV	[432-432]	432	1
COV	[433-433]	433	1
COV	[435-435]	435	1
COV	[436-436]	436	5
COV	[443-443]	443	2
COV	[444-444]	444	3
COV	[448-448]	448	1
COV	[451-451]	451	1
COV	[453-453]	453	3
COV	[455-455]	455	1
COV	[459-459]	459	2
COV	[460-460]	460	3
COV	[464-464]	464	3
COV	[465-465]	465	1
COV	[468-468]	468	3
COV	[469-469]	469	2
COV	[470-470]	470	4
COV	[472-472]	472	5
COV	[473-473]	473	1
COV	[475-475]	475	1
COV	[477-477]	477	2
COV	[478-478]	478	1
COV	[480-480]	480	3
COV	[481-481]	481	1
COV	[483-483]	483	1
COV	[490-490]	490	1
COV	[491-491]	491	2
COV	[493-493]	493	2
COV	[494-494]	494	1
COV	[499-499]	499	1
COV	[507-507]	507	2
COV	[508-508]	508	2
COV	[510-510]	510	1
COV	[513-513]	513	2
COV	[515-515]	515	1
COV	[516-516]	516	1
COV	[517-517]	517	4
COV	[519-519]	519	1
COV	[530-530]	530	1
COV	[536-536]	536	1
COV	[537-537]	537	1
COV	[538-538]	538	1
COV	[539-539]	539	1
COV	[541-541]	541	1
COV	[548-548]	548	1
COV	[550-550]	550	2
COV	[552-552]	552	1
COV	[553-553]	553	1
COV	[555-555]	555	3
COV	[556-556]	556	1
COV	[557-557]	557	1
COV	[558-558]	558	2
COV	[559-559]	559	1
COV	[560-560]	560	3
COV	[561-561]	561	1
COV	[564-564]	564	1
COV	[565-565]	565	1
COV	[566-566]	566	1
COV	[567-567]	567	1
COV	[569-569]	569	2
COV	[570-570]	570	1
COV	[571-571]	571	1
COV	[572-572]	572	1
COV	[573-573]	573	4
COV	[575-575]	575	2
COV	[576-576]	576	1
COV	[578-578]	578	2
COV	[581-581]	581	1
COV	[582-582]	582	1
COV	[584-584]	584	1
COV	[585-585]	585	1
COV	[586-586]	586	3
COV	[589-589]	589	1
COV	[591-591]	591	1
COV	[592-592]	592	1
COV	[594-594]	594	1
COV	[597-597]	597	1
COV	[598-598]	598	1
COV	[604-604]	604	1
COV	[608-608]	608	1
COV	[609-609]	609	1
COV	[610-610]	610	2
COV	[612-612]	612	2
COV	[613-613]	613	4
COV	[614-614]	614	1
COV	[615-615]	615	2
COV	[616-616]	616	4
COV	[617-617]	617	1
COV	[618-618]	618	2
COV	[619-619]	619	6
COV	[620-620]	620	1
COV	[621-621]	621	3
COV	[622-622]	622	4
COV	[633-633]	633	2
COV	[636-636]	636	1
COV	[638-638]	638	1
COV	[642-642]	642	1
COV	[643-643]	643	1
COV	[644-644]	644	1
COV	[646-646]	646	1
COV	[648-648]	648	1
COV	[652-652]	652	1
COV	[653-653]	653	1
COV	[655-655]	655	1
COV	[656-656]	656	1
COV	[659-659]	659	1
COV	[660-660]	660	1
COV	[664-664]	664	1
COV	[670-670]	670	1
COV	[673-673]	673	2
COV	[675-675]	675	1
COV	[676-676]	676	1
COV	[677-677]	677	2
COV	[678-678]	678	1
COV	[679-679]	679	3
COV	[680-680]	680	3
COV	[681-681]	681	1
COV	[682-682]	682	1
COV	[683-683]	683	2
COV	[686-686]	686	4
COV	[687-687]	687	1
COV	[690-690]	690	1
COV	[692-692]	692	1
COV	[699-699]	699	1
COV	[700-700]	700	1
COV	[701-701]	701	1
COV	[706-706]	706	2
COV	[715-715]	715	1
COV	[716-716]	716	1
COV	[730-730]	730	1
COV	[734-734]	734	1
COV	[735-735]	735	1
COV	[736-736]	736	1
COV	[738-738]	738	1
COV	[740-740]	740	1
COV	[743-743]	743	1
COV	[745-745]	745	1
COV	[747-747]	747	1
COV	[752-752]	752	2
COV	[755-755]	755	1
COV	[756-756]	756	1
COV	[758-758]	758	2
COV	[760-760]	760	3
COV	[761-761]	761	2
COV	[762-762]	762	12
COV	[763-763]	763	1
COV	[764-764]	764	2
COV	[766-766]	766	1
COV	[771-771]	771	2
COV	[772-772]	772	1
COV	[777-777]	777	1
COV	[778-778]	778	1
COV	[779-779]	779	1
COV	[781-781]	781	1
COV	[782-782]	782	1
COV	[784-784]	784	1
COV	[786-786]	786	1
COV	[787-787]	787	1
COV	[788-788]	788	1
COV	[790-790]	790	2
COV	[792-792]	792	2
COV	[793-793]	793	1
COV	[794-794]	794	2
COV	[799-799]	799	1
COV	[800-800]	800	1
COV	[801-801]	801	1
COV	[802-802]	802	2
COV	[803-803]	803	1
COV	[804-804]	804	1
COV	[805-805]	805	3
COV	[806-806]	806	1
COV	[813-813]	813	1
COV	[816-816]	816	1
COV	[821-821]	821	1
COV	[822-822]	822	1
COV	[830-830]	830	1
COV	[836-836]	836	1
COV	[841-841]	841	1
COV	[847-847]	847	1
COV	[848-848]	848	1
COV	[860-860]	860	1
COV	[862-862]	862	1
COV	[863-863]	863	2
COV	[864-864]	864	1
COV	[865-865]	865	2
COV	[866-866]	866	1
COV	[869-869]	869	1
COV	[873-873]	873	1
COV	[874-874]	874	3
COV	[875-875]	875	1
COV	[878-878]	878	1
COV	[882-882]	882	1
COV	[884-884]	884	2
COV	[885-885]	885	1
COV	[886-886]	886	1
COV	[887-887]	887	2
COV	[889-889]	889	1
COV	[891-891]	891	4
COV	[892-892]	892	2
COV	[893-893]	893	4
COV	[894-894]	894	1
COV	[895-895]	895	1
COV	[899-899]	899	2
COV	[906-906]	906	1
COV	[911-911]	911	1
COV	[915-915]	915	1
COV	[916-916]	916	3
COV	[917-917]	917	1
COV	[918-918]	918	2
COV	[920-920]	920	1
COV	[922-922]	922	1
COV	[924-924]	924	1
COV	[925-925]	925	2
COV	[927-927]	927	2
COV	[931-931]	931	1
COV	[933-933]	933	1
COV	[940-940]	940	1
COV	[941-941]	941	1
COV	[942-942]	942	1
COV	[943-943]	943	3
COV	[944-944]	944	1
COV	[947-947]	947	1
COV	[949-949]	949	1
COV	[952-952]	952	1
COV	[953-953]	953	2
COV	[968-968]	968	2
COV	[975-975]	975	1
COV	[976-976]	976	2
COV	[977-977]	977	1
COV	[978-978]	978	1
COV	[983-983]	983	1
COV	[984-984]	984	1
COV	[985-985]	985	1
COV	[986-986]	986	1
COV	[987-987]	987	1
COV	[990-990]	990	2
COV	[991-991]	991	1
COV	[996-996]	996	1
COV	[1000-1000]	1000	1
COV	[1000<]	1000	319
# GC-depth. Use `grep ^GCD | cut -f 2-` to extract this part. The columns are: GC%, unique sequence percentiles, 10th, 25th, 50th, 75th and 90th depth percentile
GCD	0.0	0.006	0.000	0.000	0.000	0.000	0.000
GCD	0.6	0.009	0.013	0.013	0.013	0.013	0.013
GCD	15.0	0.018	0.006	0.006	0.013	0.019	0.019
GCD	16.0	0.021	0.006	0.006	0.006	0.006	0.006
GCD	17.0	0.027	0.006	0.006	0.006	0.006	0.006
GCD	18.0	0.030	0.013	0.013	0.013	0.013	0.013
GCD	19.0	0.035	0.006	0.006	0.010	0.013	0.013
GCD	20.0	0.044	0.006	0.006	0.006	0.013	0.013
GCD	21.0	0.053	0.006	0.006	0.006	0.006	0.006
GCD	22.0	0.077	0.006	0.006	0.006	0.013	0.013
GCD	23.0	0.098	0.006	0.013	0.013	0.019	0.038
GCD	24.0	0.124	0.006	0.013	0.013	0.026	0.026
GCD	25.0	0.169	0.006	0.013	0.013	0.019	0.026
GCD	26.0	0.213	0.006	0.013	0.013	0.032	0.038
GCD	27.0	0.281	0.009	0.013	0.019	0.026	0.058
GCD	28.0	0.396	0.006	0.013	0.019	0.038	0.051
GCD	29.0	0.541	0.013	0.013	0.019	0.048	0.064
GCD	30.0	0.810	0.013	0.019	0.038	0.058	0.131
GCD	31.0	1.195	0.013	0.026	0.054	0.115	0.205
GCD	32.0	1.822	0.013	0.026	0.070	0.152	0.348
GCD	33.0	2.822	0.019	0.051	0.122	0.226	0.374
GCD	34.0	4.691	0.032	0.083	0.173	0.299	0.440
GCD	35.0	8.382	0.058	0.115	0.211	0.314	0.454
GCD	36.0	14.756	0.070	0.147	0.250	0.346	0.461
GCD	37.0	24.315	0.090	0.166	0.262	0.358	0.480
GCD	38.0	37.347	0.109	0.192	0.282	0.378	0.486
GCD	39.0	52.044	0.115	0.198	0.282	0.378	0.493
GCD	40.0	65.856	0.109	0.192	0.288	0.371	0.474
GCD	41.0	77.332	0.102	0.192	0.275	0.365	0.461
GCD	42.0	85.620	0.096	0.179	0.262	0.354	0.454
GCD	43.0	90.846	0.077	0.154	0.250	0.339	0.429
GCD	44.0	94.330	0.058	0.128	0.218	0.314	0.416
GCD	45.0	96.285	0.051	0.109	0.198	0.294	0.390
GCD	46.0	97.595	0.038	0.077	0.147	0.262	0.352
GCD	47.0	98.356	0.026	0.070	0.141	0.246	0.358
GCD	48.0	98.764	0.013	0.038	0.093	0.163	0.295
GCD	49.0	99.059	0.020	0.034	0.064	0.102	0.211
GCD	50.0	99.237	0.013	0.026	0.054	0.133	0.228
GCD	51.0	99.403	0.013	0.026	0.038	0.086	0.172
GCD	52.0	99.503	0.013	0.013	0.035	0.077	0.598
GCD	53.0	99.583	0.013	0.013	0.051	0.115	0.205
GCD	54.0	99.654	0.006	0.013	0.016	0.038	0.102
GCD	55.0	99.701	0.013	0.014	0.042	0.110	11.841
GCD	56.0	99.769	0.009	0.013	0.032	0.051	0.068
GCD	57.0	99.802	0.006	0.013	0.013	0.032	0.833
GCD	58.0	99.825	0.013	0.013	0.029	0.045	0.077
GCD	59.0	99.861	0.008	0.013	0.026	0.051	0.062
GCD	60.0	99.899	0.013	0.013	0.013	0.038	0.065
GCD	61.0	99.911	0.006	0.008	0.013	0.018	0.019
GCD	62.0	99.932	0.006	0.013	0.013	0.038	0.051
GCD	63.0	99.941	0.013	0.013	0.026	0.026	0.026
GCD	64.0	99.947	0.026	0.026	0.042	0.058	0.058
GCD	65.0	99.956	0.006	0.006	0.013	0.013	0.013
GCD	66.0	99.959	0.109	0.109	0.109	0.109	0.109
GCD	67.0	99.970	0.013	0.013	0.022	0.056	0.064
GCD	68.0	99.979	0.006	0.006	0.019	0.026	0.026
GCD	69.0	99.985	0.006	0.006	0.010	0.013	0.013
GCD	70.0	99.988	0.006	0.006	0.006	0.006	0.006
GCD	73.0	99.991	0.013	0.013	0.013	0.013	0.013
GCD	74.0	99.994	0.013	0.013	0.013	0.013	0.013
GCD	77.0	100.000	0.013	0.013	0.016	0.019	0.019
